1713215121377 6.263368129730225 0
1713215121486 6.263383388519287 1
1713215121593 6.263392925262451 2
1713215121709 6.263417720794678 3
1713215121836 6.263331890106201 4
1713215121942 6.263409614562988 5
1713215122048 6.263423919677734 6
1713215122153 6.263383865356445 7
1713215122257 6.263406276702881 8
1713215122361 6.263401508331299 9
1713215122473 6.263433933258057 10
1713215122578 6.263354301452637 11
1713215122693 6.263387203216553 12
1713215122795 6.2633891105651855 13
1713215122899 6.263411045074463 14
1713215123008 6.263367652893066 15
1713215123111 6.263420104980469 16
1713215123216 6.2633795738220215 17
1713215123314 6.263423442840576 18
1713215123422 6.263431072235107 19
1713215123527 6.263398170471191 20
1713215123635 6.263426303863525 21
1713215123739 6.263358116149902 22
1713215123848 6.263367176055908 23
1713215123954 6.263357639312744 24
1713215124076 6.263365745544434 25
1713215124181 6.263352870941162 26
1713215124292 6.263338565826416 27
1713215124410 6.263407230377197 28
1713215124513 6.263406276702881 29
1713215124621 6.2634053230285645 30
1713215124722 6.26339864730835 31
1713215124827 6.263331890106201 32
1713215124932 6.263426780700684 33
1713215125036 6.263388633728027 34
1713215125141 6.263382434844971 35
1713215125246 6.26340913772583 36
1713215125345 6.2634477615356445 37
1713215125452 6.263362884521484 38
1713215125558 6.263382911682129 39
1713215125662 6.263416290283203 40
1713215125765 6.263402938842773 41
1713215125867 6.263428211212158 42
1713215125974 6.263349533081055 43
1713215126072 6.263418197631836 44
1713215126173 6.26336145401001 45
1713215126275 6.2633843421936035 46
1713215126382 6.263381004333496 47
1713215126485 6.2633957862854 48
1713215126588 6.263364791870117 49
1713215126689 6.263434410095215 50
1713215126793 6.263368129730225 51
1713215126897 6.263440132141113 52
1713215127001 6.263429164886475 53
1713215127106 6.263373851776123 54
1713215127209 6.263385772705078 55
1713215127312 6.263405799865723 56
1713215127416 6.263388156890869 57
1713215127526 6.263372898101807 58
1713215127655 6.263431072235107 59
1713215127753 6.263391494750977 60
1713215127857 6.2633585929870605 61
1713215127959 6.263428211212158 62
1713215128061 6.26344633102417 63
1713215128164 6.263363361358643 64
1713215128268 6.263376712799072 65
1713215128377 6.263397693634033 66
1713215128479 6.263424873352051 67
1713215128581 6.263352870941162 68
1713215128687 6.263480186462402 69
1713215128793 6.263402938842773 70
1713215128897 6.263376712799072 71
1713215129000 6.263381004333496 72
1713215129104 6.2634124755859375 73
1713215129208 6.26340913772583 74
1713215129311 6.263349533081055 75
1713215129414 6.263426303863525 76
1713215129520 6.263382434844971 77
1713215129629 6.263411521911621 78
1713215129733 6.263378143310547 79
1713215129841 6.263319492340088 80
1713215129939 6.263402462005615 81
1713215130041 6.263427734375 82
1713215130144 6.263373851776123 83
1713215130249 6.263374328613281 84
1713215130352 6.263380527496338 85
1713215130460 6.263357162475586 86
1713215130563 6.263442039489746 87
1713215130670 6.263356685638428 88
1713215130774 6.26336145401001 89
1713215130877 6.263354301452637 90
1713215130980 6.263409614562988 91
1713215131087 6.263448238372803 92
1713215131189 6.263428688049316 93
1713215131296 6.263367652893066 94
1713215131400 6.263391494750977 95
1713215131503 6.263373851776123 96
1713215131606 6.263370513916016 97
1713215131710 6.263389587402344 98
1713215131814 6.263427734375 99
1713215131923 6.263427257537842 100
1713215132024 6.263327121734619 101
1713215132126 6.263435363769531 102
1713215132228 6.263432502746582 103
1713215132345 6.263336658477783 104
1713215132447 6.263341903686523 105
1713215132551 6.263387680053711 106
1713215132655 6.263360023498535 107
1713215132758 6.263416290283203 108
1713215132861 6.263399600982666 109
1713215132962 6.263373374938965 110
1713215133071 6.263422966003418 111
1713215133173 6.2633209228515625 112
1713215133276 6.263404846191406 113
1713215133379 6.263435363769531 114
1713215133489 6.263356685638428 115
1713215133593 6.263393878936768 116
1713215133696 6.263383388519287 117
1713215133798 6.263332843780518 118
1713215133905 6.263370037078857 119
1713215134008 6.263400554656982 120
1713215134111 6.263433456420898 121
1713215134213 6.263433456420898 122
1713215134315 6.263379096984863 123
1713215134420 6.263360977172852 124
1713215134548 6.263416290283203 125
1713215134651 6.263333320617676 126
1713215134754 6.2633867263793945 127
1713215134852 6.263362407684326 128
1713215134954 6.263454914093018 129
1713215135053 6.26344108581543 130
1713215135156 6.263362884521484 131
1713215135255 6.263389587402344 132
1713215135358 6.263366222381592 133
1713215135460 6.263345718383789 134
1713215135563 6.263395309448242 135
1713215135667 6.263382434844971 136
1713215135769 6.263396739959717 137
1713215135868 6.2633562088012695 138
1713215135972 6.263401508331299 139
1713215136083 6.263403415679932 140
1713215136196 6.2634100914001465 141
1713215136299 6.263411045074463 142
1713215136403 6.263443946838379 143
1713215136512 6.2633748054504395 144
1713215136614 6.263306140899658 145
1713215136716 6.263377666473389 146
1713215136815 6.263359546661377 147
1713215136917 6.263378143310547 148
1713215137019 6.263357639312744 149
1713215137118 6.2632927894592285 150
1713215137221 6.263375759124756 151
1713215137332 6.263381481170654 152
1713215137431 6.263439178466797 153
1713215137535 6.263401031494141 154
1713215137638 6.263344764709473 155
1713215137740 6.263404846191406 156
1713215137838 6.263397693634033 157
1713215137942 6.263343811035156 158
1713215138051 6.263379096984863 159
1713215138149 6.263352394104004 160
1713215138253 6.26336669921875 161
1713215138350 6.263368606567383 162
1713215138457 6.2633771896362305 163
1713215138557 6.263388156890869 164
1713215138659 6.26338529586792 165
1713215138762 6.263432025909424 166
1713215138913 6.263411045074463 167
1713215139021 6.263370513916016 168
1713215139129 6.263357639312744 169
1713215139232 6.263442516326904 170
1713215139337 6.263350486755371 171
1713215139443 6.263373851776123 172
1713215139548 6.2633514404296875 173
1713215139656 6.263449192047119 174
1713215139764 6.26334285736084 175
1713215139870 6.263443470001221 176
1713215139969 6.263293743133545 177
1713215140072 6.263299942016602 178
1713215140180 6.263371467590332 179
1713215140280 6.263399124145508 180
1713215140385 6.263394355773926 181
1713215140486 6.26337194442749 182
1713215140593 6.263397693634033 183
1713215140699 6.263331413269043 184
1713215140802 6.263382911682129 185
1713215140906 6.263376712799072 186
1713215141005 6.263454437255859 187
1713215141108 6.263432025909424 188
1713215141215 6.263267993927002 189
1713215141321 6.263341903686523 190
1713215141424 6.26336669921875 191
1713215141525 6.263355731964111 192
1713215141627 6.263453006744385 193
1713215141727 6.263377666473389 194
1713215141831 6.263377666473389 195
1713215141933 6.263370513916016 196
1713215142030 6.263345241546631 197
1713215142132 6.2633466720581055 198
1713215142235 6.263396739959717 199
1713215142361 6.263360023498535 200
1713215142463 6.263365745544434 201
1713215142567 6.26339864730835 202
1713215142677 6.263350009918213 203
1713215142778 6.263448715209961 204
1713215142882 6.263388156890869 205
1713215142988 6.2633843421936035 206
1713215143091 6.263432502746582 207
1713215143190 6.263357639312744 208
1713215143292 6.263332843780518 209
1713215143390 6.263365745544434 210
1713215143497 6.2633843421936035 211
1713215143596 6.263376712799072 212
1713215143700 6.263418674468994 213
1713215143801 6.263373851776123 214
1713215143905 6.263404369354248 215
1713215144002 6.263410568237305 216
1713215144108 6.263308048248291 217
1713215144211 6.263339996337891 218
1713215144312 6.26338529586792 219
1713215144415 6.263400077819824 220
1713215144522 6.263447284698486 221
1713215144623 6.263339519500732 222
1713215144727 6.263362407684326 223
1713215144836 6.263417720794678 224
1713215144938 6.263369560241699 225
1713215145040 6.263350486755371 226
1713215145143 6.263341903686523 227
1713215145250 6.263396263122559 228
1713215145348 6.263397216796875 229
1713215145450 6.263401985168457 230
1713215145548 6.263421535491943 231
1713215145650 6.2633442878723145 232
1713215145752 6.263350486755371 233
1713215145855 6.263399600982666 234
1713215145957 6.263375282287598 235
1713215146060 6.263435363769531 236
1713215146169 6.2632856369018555 237
1713215146267 6.263428688049316 238
1713215146369 6.263308525085449 239
1713215146470 6.26344633102417 240
1713215146578 6.263370990753174 241
1713215146676 6.263373851776123 242
1713215146779 6.263370990753174 243
1713215146881 6.263344764709473 244
1713215146979 6.263302803039551 245
1713215147086 6.263384819030762 246
1713215147186 6.263365745544434 247
1713215147289 6.263411998748779 248
1713215147388 6.263253211975098 249
1713215147519 6.263354778289795 250
1713215147623 6.263386249542236 251
1713215147727 6.263279914855957 252
1713215147830 6.263357162475586 253
1713215147931 6.26339054107666 254
1713215148030 6.263293266296387 255
1713215148135 6.263366222381592 256
1713215148242 6.263332843780518 257
1713215148342 6.263376235961914 258
1713215148445 6.263340950012207 259
1713215148547 6.263335704803467 260
1713215148652 6.263394832611084 261
1713215148753 6.263423919677734 262
1713215148851 6.263408184051514 263
1713215148954 6.263345241546631 264
1713215149063 6.263234615325928 265
1713215149165 6.263296604156494 266
1713215149263 6.263350486755371 267
1713215149366 6.263460636138916 268
1713215149473 6.263310432434082 269
1713215149581 6.263407230377197 270
1713215149682 6.263298988342285 271
1713215149788 6.263306140899658 272
1713215149891 6.263331413269043 273
1713215149994 6.26340389251709 274
1713215150102 6.263477325439453 275
1713215150208 6.263302326202393 276
1713215150313 6.263384819030762 277
1713215150416 6.263279438018799 278
1713215150521 6.263339042663574 279
1713215150627 6.263359546661377 280
1713215150726 6.263302803039551 281
1713215150832 6.263354301452637 282
1713215150936 6.2633209228515625 283
1713215151039 6.263271331787109 284
1713215151143 6.2633056640625 285
1713215151246 6.26332426071167 286
1713215151354 6.263379096984863 287
1713215151456 6.263403415679932 288
1713215151563 6.263277053833008 289
1713215151669 6.263370037078857 290
1713215151775 6.263335227966309 291
1713215151878 6.263317108154297 292
1713215151985 6.263340950012207 293
1713215152087 6.263443470001221 294
1713215152192 6.263309955596924 295
1713215152297 6.263365745544434 296
1713215152403 6.263332366943359 297
1713215152507 6.263397693634033 298
1713215152611 6.263303279876709 299
1713215152719 6.263362884521484 300
1713215152825 6.263458728790283 301
1713215152927 6.263384819030762 302
1713215153029 6.263388633728027 303
1713215153133 6.263448715209961 304
1713215153240 6.263364315032959 305
1713215153345 6.2633562088012695 306
1713215153448 6.263350486755371 307
1713215153551 6.263422966003418 308
1713215153660 6.2633256912231445 309
1713215153763 6.263415336608887 310
1713215153865 6.2633891105651855 311
1713215153964 6.263286590576172 312
1713215154073 6.263344764709473 313
1713215154171 6.263401031494141 314
1713215154274 6.263325214385986 315
1713215154379 6.2633538246154785 316
1713215154485 6.263337135314941 317
1713215154587 6.263303279876709 318
1713215154691 6.263247013092041 319
1713215154794 6.263344764709473 320
1713215154910 6.263407230377197 321
1713215155014 6.2632832527160645 322
1713215155112 6.263429164886475 323
1713215155217 6.263383865356445 324
1713215155322 6.263374328613281 325
1713215155430 6.263341426849365 326
1713215155533 6.2633209228515625 327
1713215155636 6.263387203216553 328
1713215155742 6.263401985168457 329
1713215155845 6.263397693634033 330
1713215155947 6.263502597808838 331
1713215156053 6.263351917266846 332
1713215156156 6.263312816619873 333
1713215156258 6.263498783111572 334
1713215156361 6.263431549072266 335
1713215156466 6.263370513916016 336
1713215156582 6.263217449188232 337
1713215156684 6.263381004333496 338
1713215156789 6.263383865356445 339
1713215156894 6.26340389251709 340
1713215156997 6.263338565826416 341
1713215157102 6.263381481170654 342
1713215157201 6.263287544250488 343
1713215157304 6.263269901275635 344
1713215157404 6.263340473175049 345
1713215157508 6.263393402099609 346
1713215157611 6.263341903686523 347
1713215157708 6.263221740722656 348
1713215157809 6.263270378112793 349
1713215157913 6.263294219970703 350
1713215158019 6.263359546661377 351
1713215158121 6.263404846191406 352
1713215158219 6.26336669921875 353
1713215158323 6.263392925262451 354
1713215158425 6.263306617736816 355
1713215158523 6.26331901550293 356
1713215158626 6.263375282287598 357
1713215158725 6.263325214385986 358
1713215158827 6.263308048248291 359
1713215158932 6.2632975578308105 360
1713215159031 6.263401985168457 361
1713215159133 6.2633209228515625 362
1713215159231 6.26320219039917 363
1713215159336 6.263303279876709 364
1713215159440 6.263389587402344 365
1713215159539 6.263271808624268 366
1713215159641 6.263397693634033 367
1713215159740 6.263339519500732 368
1713215159842 6.263448238372803 369
1713215159942 6.26326847076416 370
1713215160054 6.263333797454834 371
1713215160151 6.2632975578308105 372
1713215160254 6.263410568237305 373
1713215160358 6.263309478759766 374
1713215160460 6.2632904052734375 375
1713215160558 6.263371467590332 376
1713215160662 6.263305187225342 377
1713215160765 6.263393402099609 378
1713215160867 6.263387680053711 379
1713215160969 6.263309955596924 380
1713215161068 6.263266086578369 381
1713215161170 6.263362407684326 382
1713215161268 6.263298511505127 383
1713215161370 6.263490200042725 384
1713215161472 6.263402462005615 385
1713215161575 6.263366222381592 386
1713215161678 6.26333475112915 387
1713215161787 6.263206958770752 388
1713215161884 6.263340473175049 389
1713215161987 6.2633442878723145 390
1713215162086 6.263430595397949 391
1713215162190 6.263426780700684 392
1713215162288 6.263236045837402 393
1713215162390 6.263348579406738 394
1713215162494 6.263460159301758 395
1713215162592 6.263425827026367 396
1713215162695 6.263373851776123 397
1713215162797 6.26325798034668 398
1713215162899 6.263243675231934 399
1713215163001 6.263329982757568 400
1713215163098 6.263301372528076 401
1713215163200 6.263274669647217 402
1713215163298 6.263184070587158 403
1713215163401 6.263219356536865 404
1713215163505 6.263379096984863 405
1713215163607 6.263336181640625 406
1713215163711 6.26331901550293 407
1713215163813 6.2633795738220215 408
1713215163915 6.263274669647217 409
1713215164018 6.2633056640625 410
1713215164119 6.263261318206787 411
1713215164221 6.26326322555542 412
1713215164324 6.263369560241699 413
1713215164428 6.263328552246094 414
1713215164530 6.26324462890625 415
1713215164633 6.2633280754089355 416
1713215164737 6.2633161544799805 417
1713215164840 6.263310432434082 418
1713215164954 6.263275623321533 419
1713215165052 6.263261318206787 420
1713215165155 6.263291358947754 421
1713215165259 6.263302326202393 422
1713215165360 6.263194561004639 423
1713215165465 6.263369560241699 424
1713215165567 6.2633819580078125 425
1713215165674 6.26336669921875 426
1713215165778 6.263364791870117 427
1713215165881 6.2632904052734375 428
1713215165984 6.263321399688721 429
1713215166087 6.263497352600098 430
1713215166189 6.263253688812256 431
1713215166305 6.263325214385986 432
1713215166412 6.263245105743408 433
1713215166514 6.263372898101807 434
1713215166615 6.263350009918213 435
1713215166726 6.263233184814453 436
1713215166831 6.263311386108398 437
1713215166941 6.263448715209961 438
1713215167048 6.26328706741333 439
1713215167153 6.263301849365234 440
1713215167260 6.263391494750977 441
1713215167368 6.263364315032959 442
1713215167470 6.263354301452637 443
1713215167573 6.263280868530273 444
1713215167671 6.263428688049316 445
1713215167775 6.263294219970703 446
1713215167879 6.26332950592041 447
1713215167983 6.263091564178467 448
1713215168084 6.263270854949951 449
1713215168187 6.263226509094238 450
1713215168293 6.263444900512695 451
1713215168391 6.263360977172852 452
1713215168494 6.263271808624268 453
1713215168593 6.263302803039551 454
1713215168701 6.263350963592529 455
1713215168804 6.263364791870117 456
1713215168904 6.263338565826416 457
1713215169008 6.263406276702881 458
1713215169107 6.263431549072266 459
1713215169216 6.263227462768555 460
1713215169320 6.263261795043945 461
1713215169429 6.26326847076416 462
1713215169534 6.263235092163086 463
1713215169695 6.263389587402344 464
1713215169800 6.263307094573975 465
1713215169911 6.263407230377197 466
1713215170015 6.26327657699585 467
1713215170120 6.2633514404296875 468
1713215170225 6.263324737548828 469
1713215170327 6.263375759124756 470
1713215170432 6.263193607330322 471
1713215170562 6.2633795738220215 472
1713215170664 6.263320446014404 473
1713215170768 6.2632975578308105 474
1713215170873 6.26323938369751 475
1713215170982 6.263308048248291 476
1713215171085 6.2631683349609375 477
1713215171214 6.263284683227539 478
1713215171319 6.263282299041748 479
1713215171422 6.263279438018799 480
1713215171521 6.263313293457031 481
1713215171623 6.263272285461426 482
1713215171721 6.263199806213379 483
1713215171834 6.263413429260254 484
1713215171937 6.263433456420898 485
1713215172040 6.263339996337891 486
1713215172142 6.263393402099609 487
1713215172244 6.263318061828613 488
1713215172347 6.263375282287598 489
1713215172450 6.263288497924805 490
1713215172554 6.263373374938965 491
1713215172658 6.263317584991455 492
1713215172762 6.263379096984863 493
1713215172865 6.263232231140137 494
1713215172967 6.263392925262451 495
1713215173072 6.263164520263672 496
1713215173185 6.26328182220459 497
1713215173291 6.263162612915039 498
1713215173390 6.263138771057129 499
1713215173492 6.2632904052734375 500
1713215173595 6.263375759124756 501
1713215173694 6.263330459594727 502
1713215173798 6.263427734375 503
1713215173903 6.263345718383789 504
1713215174001 6.263273239135742 505
1713215174103 6.263264179229736 506
1713215174206 6.263166427612305 507
1713215174311 6.263304233551025 508
1713215174413 6.263216972351074 509
1713215174519 6.263329029083252 510
1713215174622 6.263062477111816 511
1713215174725 6.263388156890869 512
1713215174823 6.263272762298584 513
1713215174926 6.263190269470215 514
1713215175028 6.263303279876709 515
1713215175139 6.263279438018799 516
1713215175246 6.263225555419922 517
1713215175354 6.263295650482178 518
1713215175454 6.263209819793701 519
1713215175560 6.263236999511719 520
1713215175665 6.263205528259277 521
1713215175771 6.263324737548828 522
1713215175876 6.263158798217773 523
1713215175978 6.263406753540039 524
1713215176080 6.263241291046143 525
1713215176180 6.263352394104004 526
1713215176284 6.263174057006836 527
1713215176386 6.26322078704834 528
1713215176495 6.263473987579346 529
1713215176598 6.263456344604492 530
1713215176702 6.263355731964111 531
1713215176838 6.2634124755859375 532
1713215176943 6.263004302978516 533
1713215177042 6.2634382247924805 534
1713215177146 6.263285160064697 535
1713215177254 6.263514041900635 536
1713215177354 6.263307571411133 537
1713215177457 6.263441562652588 538
1713215177560 6.263057708740234 539
1713215177662 6.263347625732422 540
1713215177760 6.263350009918213 541
1713215177863 6.263108730316162 542
1713215177966 6.263372898101807 543
1713215178067 6.263192176818848 544
1713215178171 6.26322078704834 545
1713215178272 6.263308525085449 546
1713215178370 6.263040065765381 547
1713215178473 6.263332843780518 548
1713215178570 6.263422966003418 549
1713215178673 6.263152122497559 550
1713215178780 6.263354301452637 551
1713215178878 6.2632622718811035 552
1713215178983 6.263507843017578 553
1713215179088 6.263313293457031 554
1713215179191 6.263134002685547 555
1713215179297 6.263232707977295 556
1713215179401 6.263420104980469 557
1713215179506 6.263314723968506 558
1713215179610 6.263195991516113 559
1713215179720 6.263213634490967 560
1713215179824 6.263357639312744 561
1713215179928 6.263094902038574 562
1713215180031 6.262991428375244 563
1713215180136 6.263136386871338 564
1713215180241 6.263449192047119 565
1713215180352 6.263217926025391 566
1713215180452 6.2632904052734375 567
1713215180555 6.262953758239746 568
1713215180658 6.263402462005615 569
1713215180762 6.263144493103027 570
1713215180867 6.263233184814453 571
1713215181046 6.2631988525390625 572
1713215181150 6.263046741485596 573
1713215181255 6.263087749481201 574
1713215181362 6.2630228996276855 575
1713215181466 6.263404846191406 576
1713215181569 6.26303768157959 577
1713215181670 6.263341426849365 578
1713215181774 6.263185977935791 579
1713215181876 6.263204097747803 580
1713215181983 6.263379096984863 581
1713215182085 6.2628960609436035 582
1713215182189 6.26311731338501 583
1713215182295 6.2631354331970215 584
1713215182401 6.263181209564209 585
1713215182508 6.263154029846191 586
1713215182612 6.263061046600342 587
1713215182710 6.263234615325928 588
1713215182814 6.263018608093262 589
1713215182919 6.263339042663574 590
1713215183023 6.2626824378967285 591
1713215183137 6.262977600097656 592
1713215183244 6.2633843421936035 593
1713215183353 6.263179779052734 594
1713215183457 6.263082504272461 595
1713215183562 6.2630133628845215 596
1713215183667 6.263236999511719 597
1713215183774 6.263334274291992 598
1713215183878 6.263160228729248 599
1713215183980 6.262836933135986 600
1713215184085 6.26311731338501 601
1713215184188 6.263154983520508 602
1713215184295 6.263303756713867 603
1713215184400 6.263064384460449 604
1713215184502 6.263376235961914 605
1713215184604 6.26304817199707 606
1713215184710 6.262980937957764 607
1713215184819 6.2632341384887695 608
1713215184923 6.263275146484375 609
1713215185027 6.263098239898682 610
1713215185126 6.263377666473389 611
1713215185231 6.26307487487793 612
1713215185341 6.263180255889893 613
1713215185446 6.263246059417725 614
1713215185553 6.263085842132568 615
1713215185658 6.263421535491943 616
1713215185761 6.262792587280273 617
1713215185864 6.263242244720459 618
1713215185968 6.262929916381836 619
1713215186070 6.263252258300781 620
1713215186168 6.2630815505981445 621
1713215186270 6.2633843421936035 622
1713215186379 6.2629194259643555 623
1713215186483 6.263159275054932 624
1713215186586 6.262933254241943 625
1713215186689 6.262558460235596 626
1713215186792 6.263150691986084 627
1713215186891 6.2633256912231445 628
1713215186994 6.263289928436279 629
1713215187093 6.263012409210205 630
1713215187204 6.26264762878418 631
1713215187303 6.26350212097168 632
1713215187405 6.263200759887695 633
1713215187504 6.262876510620117 634
1713215187607 6.263373851776123 635
1713215187710 6.263143062591553 636
1713215187809 6.263033390045166 637
1713215187914 6.263059616088867 638
1713215188028 6.263176918029785 639
1713215188132 6.263112545013428 640
1713215188236 6.26271915435791 641
1713215188341 6.262882709503174 642
1713215188443 6.262538909912109 643
1713215188547 6.263378620147705 644
1713215188650 6.262828350067139 645
1713215188755 6.2629780769348145 646
1713215188856 6.263424396514893 647
1713215188954 6.263507843017578 648
1713215189055 6.263105869293213 649
1713215189153 6.263008117675781 650
1713215189256 6.263113498687744 651
1713215189354 6.2631402015686035 652
1713215189459 6.262982368469238 653
1713215189567 6.263159275054932 654
1713215189671 6.263365268707275 655
1713215189776 6.263454914093018 656
1713215189879 6.263464450836182 657
1713215189994 6.263043403625488 658
1713215190098 6.263094902038574 659
1713215190201 6.262857437133789 660
1713215190305 6.263426303863525 661
1713215190410 6.263175964355469 662
1713215190516 6.262866497039795 663
1713215190618 6.263133525848389 664
1713215190724 6.263179302215576 665
1713215190826 6.263347148895264 666
1713215190929 6.263132572174072 667
1713215191034 6.263280391693115 668
1713215191138 6.2632155418396 669
1713215191241 6.263253211975098 670
1713215191345 6.262832164764404 671
1713215191446 6.26324987411499 672
1713215191548 6.263242721557617 673
1713215191653 6.263418197631836 674
1713215191757 6.263337135314941 675
1713215191859 6.26297664642334 676
1713215191963 6.2631988525390625 677
1713215192070 6.263334274291992 678
1713215192175 6.263218879699707 679
1713215192278 6.2633867263793945 680
1713215192381 6.263208389282227 681
1713215192490 6.263340950012207 682
1713215192594 6.263400554656982 683
1713215192694 6.262864112854004 684
1713215192796 6.263479709625244 685
1713215192895 6.262998580932617 686
1713215192997 6.262009620666504 687
1713215193103 6.263062000274658 688
1713215193209 6.262873649597168 689
1713215193309 6.263347625732422 690
1713215193411 6.263190269470215 691
1713215193514 6.2632341384887695 692
1713215193612 6.263052463531494 693
1713215193714 6.2627339363098145 694
1713215193818 6.2625932693481445 695
1713215193917 6.263279438018799 696
1713215194025 6.26328706741333 697
1713215194131 6.263187408447266 698
1713215194230 6.263116836547852 699
1713215194333 6.26357889175415 700
1713215194441 6.262959957122803 701
1713215194540 6.262859344482422 702
1713215194650 6.262707710266113 703
1713215194750 6.263028621673584 704
1713215194900 6.262589931488037 705
1713215195010 6.262746810913086 706
1713215195113 6.263451099395752 707
1713215195212 6.2633137702941895 708
1713215195315 6.263357162475586 709
1713215195418 6.262753963470459 710
1713215195518 6.263523578643799 711
1713215195620 6.262927055358887 712
1713215195720 6.263294696807861 713
1713215195823 6.263036727905273 714
1713215195925 6.262843608856201 715
1713215196030 6.26285982131958 716
1713215196130 6.262325763702393 717
1713215196235 6.2632551193237305 718
1713215196333 6.26033353805542 719
1713215196435 6.261300086975098 720
1713215196540 6.262946128845215 721
1713215196639 6.262695789337158 722
1713215196741 6.263614654541016 723
1713215196936 6.262960433959961 724
1713215197043 6.263307571411133 725
1713215197143 6.263139247894287 726
1713215197249 6.263175010681152 727
1713215197348 6.263467788696289 728
1713215197449 6.263394355773926 729
1713215197551 6.263071060180664 730
1713215197658 6.263303279876709 731
1713215197783 6.262860298156738 732
1713215197888 6.263397693634033 733
1713215197989 6.263092517852783 734
1713215198088 6.263604640960693 735
1713215198192 6.262293815612793 736
1713215198300 6.2630696296691895 737
1713215198400 6.262932300567627 738
1713215198503 6.262451171875 739
1713215198601 6.2630391120910645 740
1713215198702 6.263410568237305 741
1713215198800 6.263097763061523 742
1713215198904 6.261904716491699 743
1713215199006 6.263340473175049 744
1713215199110 6.263298034667969 745
1713215199208 6.262871265411377 746
1713215199312 6.263422012329102 747
1713215199416 6.262757778167725 748
1713215199519 6.262910842895508 749
1713215199617 6.2628173828125 750
1713215199721 6.262693881988525 751
1713215199829 6.2624897956848145 752
1713215199941 6.263111114501953 753
1713215200042 6.262837886810303 754
1713215200146 6.2632670402526855 755
1713215200245 6.263672351837158 756
1713215200351 6.26318883895874 757
1713215200450 6.2631049156188965 758
1713215200553 6.262954235076904 759
1713215200659 6.26362419128418 760
1713215200768 6.2629218101501465 761
1713215200871 6.263238906860352 762
1713215200969 6.263385772705078 763
1713215201072 6.263351917266846 764
1713215201174 6.262811660766602 765
1713215201278 6.26198673248291 766
1713215201380 6.262505054473877 767
1713215201486 6.259243011474609 768
1713215201594 6.262211799621582 769
1713215201702 6.263036727905273 770
1713215201821 6.262983798980713 771
1713215201923 6.262291431427002 772
1713215202026 6.263812065124512 773
1713215202129 6.26331901550293 774
1713215202232 6.263359546661377 775
1713215202336 6.2628889083862305 776
1713215202439 6.263434410095215 777
1713215202543 6.262753486633301 778
1713215202642 6.263253688812256 779
1713215202745 6.2629804611206055 780
1713215202849 6.263298988342285 781
1713215202957 6.263340473175049 782
1713215203066 6.263604164123535 783
1713215203216 6.263158798217773 784
1713215203319 6.263009071350098 785
1713215203424 6.263167858123779 786
1713215203528 6.262382507324219 787
1713215203633 6.2632832527160645 788
1713215203736 6.262594223022461 789
1713215203840 6.262636661529541 790
1713215203943 6.262920379638672 791
1713215204050 6.263131618499756 792
1713215204153 6.262783050537109 793
1713215204255 6.262935161590576 794
1713215204355 6.26332950592041 795
1713215204459 6.2632951736450195 796
1713215204569 6.263156890869141 797
1713215204673 6.2630391120910645 798
1713215204777 6.263216972351074 799
1713215204882 6.262887477874756 800
1713215204986 6.263126850128174 801
1713215205085 6.263082504272461 802
1713215205193 6.26316499710083 803
1713215205297 6.262331962585449 804
1713215205403 6.260459899902344 805
1713215205502 6.263266086578369 806
1713215205606 6.2627272605896 807
1713215205709 6.2632269859313965 808
1713215205816 6.262973785400391 809
1713215205919 6.262612342834473 810
1713215206025 6.263702869415283 811
1713215206133 6.2628703117370605 812
1713215206239 6.2632060050964355 813
1713215206348 6.263045310974121 814
1713215206462 6.26276159286499 815
1713215206564 6.263172149658203 816
1713215206668 6.262488842010498 817
1713215206771 6.262548923492432 818
1713215206874 6.262883186340332 819
1713215206982 6.263132095336914 820
1713215207085 6.263371467590332 821
1713215207188 6.263430118560791 822
1713215207291 6.262914657592773 823
1713215207394 6.261893272399902 824
1713215207497 6.262834548950195 825
1713215207600 6.262819766998291 826
1713215207708 6.262779235839844 827
1713215207813 6.262524604797363 828
1713215207917 6.2630133628845215 829
1713215208022 6.261410236358643 830
1713215208125 6.26353120803833 831
1713215208229 6.263598442077637 832
1713215208334 6.263153076171875 833
1713215208443 6.262487888336182 834
1713215208546 6.262416362762451 835
1713215208651 6.2632293701171875 836
1713215208755 6.2630157470703125 837
1713215208863 6.2633209228515625 838
1713215208968 6.263514041900635 839
1713215209073 6.261697292327881 840
1713215209177 6.2633843421936035 841
1713215209282 6.262909889221191 842
1713215209386 6.262957572937012 843
1713215209490 6.262990474700928 844
1713215209593 6.263298511505127 845
1713215209696 6.262241840362549 846
1713215209800 6.261551856994629 847
1713215209904 6.262803077697754 848
1713215210011 6.263147354125977 849
1713215210115 6.26315450668335 850
1713215210218 6.262728691101074 851
1713215210324 6.263304710388184 852
1713215210430 6.263426780700684 853
1713215210535 6.262570381164551 854
1713215210638 6.2628560066223145 855
1713215210742 6.263343334197998 856
1713215210846 6.262912273406982 857
1713215210950 6.261204719543457 858
1713215211054 6.260746479034424 859
1713215211158 6.262931823730469 860
1713215211267 6.262639999389648 861
1713215211370 6.262896537780762 862
1713215211474 6.263522624969482 863
1713215211578 6.263119697570801 864
1713215211685 6.261248588562012 865
1713215211788 6.263631343841553 866
1713215211912 6.2628254890441895 867
1713215212016 6.263527870178223 868
1713215212123 6.262997150421143 869
1713215212227 6.262448310852051 870
1713215212329 6.263378143310547 871
1713215212431 6.263214588165283 872
1713215212539 6.262883186340332 873
1713215212639 6.262752532958984 874
1713215212745 6.26314640045166 875
1713215212848 6.2629475593566895 876
1713215212951 6.263111591339111 877
1713215213079 6.262883186340332 878
1713215213182 6.262731552124023 879
1713215213285 6.262170791625977 880
1713215213389 6.2624192237854 881
1713215213508 6.263110637664795 882
1713215213615 6.263288497924805 883
1713215213720 6.261358261108398 884
1713215213825 6.262994289398193 885
1713215213929 6.262572288513184 886
1713215214034 6.2631683349609375 887
1713215214137 6.2634148597717285 888
1713215214241 6.262336254119873 889
1713215214344 6.262810707092285 890
1713215214448 6.26361083984375 891
1713215214552 6.2615461349487305 892
1713215214658 6.262110710144043 893
1713215214761 6.261482238769531 894
1713215214868 6.262840270996094 895
1713215214972 6.260378360748291 896
1713215215076 6.262737274169922 897
1713215215179 6.262858867645264 898
1713215215283 6.263132572174072 899
1713215215392 6.262057781219482 900
1713215215494 6.2594404220581055 901
1713215215597 6.262356758117676 902
1713215215702 6.260982513427734 903
1713215215808 6.262303829193115 904
1713215215912 6.262760639190674 905
1713215216018 6.2628068923950195 906
1713215216124 6.240764141082764 907
1713215216233 6.263171195983887 908
1713215216336 6.261463642120361 909
1713215216440 6.263659954071045 910
1713215216544 6.263658046722412 911
1713215216652 6.263516902923584 912
1713215216756 6.262424945831299 913
1713215216860 6.263427257537842 914
1713215216964 6.262006759643555 915
1713215217066 6.262509346008301 916
1713215217170 6.2621965408325195 917
1713215217278 6.258516788482666 918
1713215217381 6.262740135192871 919
1713215217487 6.263125419616699 920
1713215217619 6.262867450714111 921
1713215217717 6.262673854827881 922
1713215217827 6.262468338012695 923
1713215217931 6.263382911682129 924
1713215218036 6.257936000823975 925
1713215218140 6.262307643890381 926
1713215218246 6.263311386108398 927
1713215218344 6.263033866882324 928
1713215218448 6.263500690460205 929
1713215218551 6.262894153594971 930
1713215218655 6.262025833129883 931
1713215218759 6.262608051300049 932
1713215218865 6.263011455535889 933
1713215218974 6.262580871582031 934
1713215219078 6.260033130645752 935
1713215219183 6.2618727684021 936
1713215219287 6.263195514678955 937
1713215219391 6.263422012329102 938
1713215219499 6.261263370513916 939
1713215219606 6.262231826782227 940
1713215219712 6.262918949127197 941
1713215219821 6.262515068054199 942
1713215219931 6.260464191436768 943
1713215220035 6.263713359832764 944
1713215220141 6.2627763748168945 945
1713215220250 6.256697654724121 946
1713215220354 6.2622599601745605 947
1713215220458 6.263590335845947 948
1713215220563 6.260870456695557 949
1713215220671 6.263367652893066 950
1713215220776 6.263117790222168 951
1713215220881 6.263267993927002 952
1713215220985 6.263595104217529 953
1713215221089 6.25913143157959 954
1713215221193 6.262747287750244 955
1713215221296 6.263275146484375 956
1713215221400 6.262051582336426 957
1713215221502 6.248080730438232 958
1713215221606 6.260820388793945 959
1713215221710 6.262722969055176 960
1713215221818 6.260722637176514 961
1713215221923 6.263268947601318 962
1713215222028 6.262819766998291 963
1713215222131 6.263561248779297 964
1713215222238 6.263277053833008 965
1713215222343 6.262984752655029 966
1713215222446 6.264021873474121 967
1713215222551 6.263067245483398 968
1713215222659 6.262823581695557 969
1713215222764 6.262956619262695 970
1713215222870 6.262770175933838 971
1713215222975 6.262423992156982 972
1713215223082 6.26315450668335 973
1713215223186 6.263238430023193 974
1713215223294 6.262979507446289 975
1713215223398 6.259023666381836 976
1713215223503 6.263469219207764 977
1713215223609 6.263008117675781 978
1713215223715 6.263560771942139 979
1713215223822 6.2636003494262695 980
1713215223928 6.261012077331543 981
1713215224033 6.263216972351074 982
1713215224137 6.262490272521973 983
1713215224241 6.263503551483154 984
1713215224346 6.2628655433654785 985
1713215224471 6.262446403503418 986
1713215224574 6.263909339904785 987
1713215224677 6.263030052185059 988
1713215224780 6.262613296508789 989
1713215224884 6.262051582336426 990
1713215224988 6.263672828674316 991
1713215225092 6.261981964111328 992
1713215225195 6.262458324432373 993
1713215225294 6.263516426086426 994
1713215225398 6.263222694396973 995
1713215225501 6.263419151306152 996
1713215225605 6.258234024047852 997
1713215225708 6.263235092163086 998
1713215225816 6.263639450073242 999
1713215225920 6.262119770050049 1000
1713215226027 6.263010025024414 1001
1713215226131 6.263256072998047 1002
1713215226235 6.263277053833008 1003
1713215226369 6.2635345458984375 1004
1713215226473 6.259405136108398 1005
1713215226579 6.262959957122803 1006
1713215226682 6.261476516723633 1007
1713215226780 6.263163089752197 1008
1713215226882 6.257330894470215 1009
1713215226986 6.263304233551025 1010
1713215227095 6.258029937744141 1011
1713215227198 6.26158332824707 1012
1713215227305 6.261545658111572 1013
1713215227409 6.2624359130859375 1014
1713215227512 6.262453556060791 1015
1713215227616 6.263356685638428 1016
1713215227722 6.26289701461792 1017
1713215227829 6.263012409210205 1018
1713215227931 6.257876873016357 1019
1713215228047 6.255362510681152 1020
1713215228151 6.261023998260498 1021
1713215228261 6.263467311859131 1022
1713215228364 6.264260768890381 1023
1713215228467 6.26234769821167 1024
1713215228570 6.263155460357666 1025
1713215228678 6.263550758361816 1026
1713215228782 6.263364315032959 1027
1713215228886 6.2603535652160645 1028
1713215228990 6.263683795928955 1029
1713215229094 6.25716495513916 1030
1713215229202 6.2635908126831055 1031
1713215229308 6.26003885269165 1032
1713215229413 6.26394510269165 1033
1713215229518 6.263443470001221 1034
1713215229750 6.2615275382995605 1035
1713215229854 6.258511066436768 1036
1713215229963 6.2622222900390625 1037
1713215230067 6.263591289520264 1038
1713215230171 6.250157833099365 1039
1713215230275 6.260902404785156 1040
1713215230387 6.263097763061523 1041
1713215230492 6.261697292327881 1042
1713215230595 6.262996673583984 1043
1713215230698 6.263795852661133 1044
1713215230802 6.263277053833008 1045
1713215230904 6.263334274291992 1046
1713215231007 6.252951145172119 1047
1713215231111 6.2628679275512695 1048
1713215231219 6.264286518096924 1049
1713215231324 6.260372161865234 1050
1713215231426 6.262472152709961 1051
1713215231533 6.263887882232666 1052
1713215231637 6.24920129776001 1053
1713215231747 6.262942314147949 1054
1713215231897 6.2616119384765625 1055
1713215232491 6.262289047241211 1056
1713215232597 6.263439655303955 1057
1713215232701 6.263219833374023 1058
1713215232805 6.262937068939209 1059
1713215232908 6.25272798538208 1060
1713215233012 6.262998580932617 1061
1713215233117 6.26406717300415 1062
1713215233221 6.263360500335693 1063
1713215233325 6.262238025665283 1064
1713215233428 6.263279438018799 1065
1713215233538 6.263754367828369 1066
1713215233644 6.263052463531494 1067
1713215233747 6.253578186035156 1068
1713215233852 6.262155055999756 1069
1713215233992 6.255308628082275 1070
1713215234098 6.262304782867432 1071
1713215234202 6.255475044250488 1072
1713215234308 6.2640604972839355 1073
1713215234415 6.244765758514404 1074
1713215234521 6.2626824378967285 1075
1713215234623 6.264259338378906 1076
1713215234725 6.259647369384766 1077
1713215234831 6.263017654418945 1078
1713215234933 6.262091159820557 1079
1713215235040 6.26343297958374 1080
1713215235145 6.2635040283203125 1081
1713215235253 6.2636871337890625 1082
1713215235357 6.26345157623291 1083
1713215235464 6.258245944976807 1084
1713215235570 6.2637152671813965 1085
1713215235673 6.261203765869141 1086
1713215235785 6.2612128257751465 1087
1713215235890 6.2632293701171875 1088
1713215235988 6.26429557800293 1089
1713215236091 6.259612560272217 1090
1713215236195 6.263474464416504 1091
1713215236296 6.253963947296143 1092
1713215236399 6.264297008514404 1093
1713215236504 6.263457775115967 1094
1713215236612 6.261999130249023 1095
1713215236715 6.263901710510254 1096
1713215236819 6.263097286224365 1097
1713215236923 6.262227535247803 1098
1713215237022 6.26318359375 1099
1713215237126 6.261176109313965 1100
1713215237233 6.264161586761475 1101
1713215237338 6.263766288757324 1102
1713215237443 6.26357889175415 1103
1713215237547 6.263456344604492 1104
1713215237653 6.263060569763184 1105
1713215237756 6.261297225952148 1106
1713215237867 6.262789249420166 1107
1713215237970 6.25302791595459 1108
1713215238073 6.2630743980407715 1109
1713215238177 6.2631916999816895 1110
1713215238284 6.262068748474121 1111
1713215238388 6.263603210449219 1112
1713215238492 6.258094787597656 1113
1713215238598 6.24122953414917 1114
1713215238705 6.263740062713623 1115
1713215238809 6.263097763061523 1116
1713215238914 6.2539167404174805 1117
1713215239017 6.2629852294921875 1118
1713215239120 6.263604164123535 1119
1713215239227 6.262691974639893 1120
1713215239332 6.264227867126465 1121
1713215239436 6.253322124481201 1122
1713215239539 6.263056755065918 1123
1713215239643 6.263309478759766 1124
1713215239748 6.263160705566406 1125
1713215239852 6.264455795288086 1126
1713215239957 6.257700443267822 1127
1713215240063 6.263999938964844 1128
1713215240172 6.262207508087158 1129
1713215240277 6.2628397941589355 1130
1713215240381 6.2604289054870605 1131
1713215240485 6.262383460998535 1132
1713215240593 6.264162063598633 1133
1713215240697 6.264194011688232 1134
1713215240801 6.251962184906006 1135
1713215240906 6.263253688812256 1136
1713215241010 6.263443946838379 1137
1713215241113 6.26255989074707 1138
1713215241217 6.257791996002197 1139
1713215241318 6.254297733306885 1140
1713215241424 6.26392936706543 1141
1713215241529 6.26332950592041 1142
1713215241633 6.263882637023926 1143
1713215241739 6.2632155418396 1144
1713215241843 6.263354301452637 1145
1713215241951 6.262834072113037 1146
1713215242054 6.261958599090576 1147
1713215242163 6.262342929840088 1148
1713215242265 6.263340473175049 1149
1713215242369 6.264136791229248 1150
1713215242473 6.258260250091553 1151
1713215242577 6.261648178100586 1152
1713215242676 6.262833595275879 1153
1713215242780 6.258911609649658 1154
1713215242884 6.263189315795898 1155
1713215242987 6.252130508422852 1156
1713215243095 6.243529796600342 1157
1713215243200 6.262863636016846 1158
1713215243304 6.252434730529785 1159
1713215243407 6.263371467590332 1160
1713215243516 6.241359710693359 1161
1713215243620 6.262236595153809 1162
1713215243724 6.263453483581543 1163
1713215243832 6.262977123260498 1164
1713215243936 6.2604756355285645 1165
1713215244039 6.257904052734375 1166
1713215244143 6.263644695281982 1167
1713215244246 6.262346267700195 1168
1713215244353 6.254792213439941 1169
1713215244470 6.255334377288818 1170
1713215244586 6.2639265060424805 1171
1713215244692 6.2631096839904785 1172
1713215244796 6.264236927032471 1173
1713215244903 6.2605299949646 1174
1713215245010 6.264040946960449 1175
1713215245124 6.239206790924072 1176
1713215245241 6.263739109039307 1177
1713215245371 6.248355388641357 1178
1713215245488 6.262826442718506 1179
1713215245592 6.264336585998535 1180
1713215245696 6.255743503570557 1181
1713215245799 6.256438255310059 1182
1713215245903 6.2585368156433105 1183
1713215246011 6.263678550720215 1184
1713215246116 6.26335334777832 1185
1713215246221 6.258175849914551 1186
1713215246332 6.263858318328857 1187
1713215246440 6.260799407958984 1188
1713215246546 6.264113426208496 1189
1713215246652 6.238832473754883 1190
1713215246758 6.264162063598633 1191
1713215246866 6.263394832611084 1192
1713215246970 6.263699054718018 1193
1713215247075 6.258202075958252 1194
1713215247181 6.2644219398498535 1195
1713215247286 6.218825340270996 1196
1713215247395 6.263753414154053 1197
1713215247499 6.233548641204834 1198
1713215247602 6.2624192237854 1199
1713215247706 6.2584991455078125 1200
1713215247809 6.263851642608643 1201
1713215247909 6.259037494659424 1202
1713215248017 6.234193325042725 1203
1713215248117 6.232804298400879 1204
1713215248220 6.259198188781738 1205
1713215248323 6.264353275299072 1206
1713215248430 6.260479927062988 1207
1713215248535 6.2632317543029785 1208
1713215248639 6.2624616622924805 1209
1713215248742 6.255354881286621 1210
1713215248845 6.263958930969238 1211
1713215248949 6.2636799812316895 1212
1713215249047 6.2637763023376465 1213
1713215249149 6.25966739654541 1214
1713215249257 6.263745307922363 1215
1713215249361 6.263563632965088 1216
1713215249465 6.2636189460754395 1217
1713215249571 6.262642860412598 1218
1713215249677 6.261786460876465 1219
1713215249776 6.2636237144470215 1220
1713215249881 6.25840425491333 1221
1713215249982 6.252901077270508 1222
1713215250091 6.263984680175781 1223
1713215250195 6.264428615570068 1224
1713215250300 6.260775089263916 1225
1713215250405 6.23463249206543 1226
1713215250515 6.262659072875977 1227
1713215250620 6.262550354003906 1228
1713215250718 6.263945579528809 1229
1713215250822 6.264237880706787 1230
1713215250930 6.263464450836182 1231
1713215251033 6.2625732421875 1232
1713215251137 6.263648509979248 1233
1713215251242 6.263193130493164 1234
1713215251350 6.261765956878662 1235
1713215251454 6.262216567993164 1236
1713215251557 6.2628374099731445 1237
1713215251665 6.2555646896362305 1238
1713215251768 6.264063835144043 1239
1713215251871 6.263820648193359 1240
1713215251973 6.263388156890869 1241
1713215252076 6.26389217376709 1242
1713215252179 6.258398056030273 1243
1713215252277 6.250335693359375 1244
1713215252380 6.264485836029053 1245
1713215252487 6.263751029968262 1246
1713215252589 6.2635040283203125 1247
1713215252692 6.263965606689453 1248
1713215252797 6.2397918701171875 1249
1713215252902 6.263996124267578 1250
1713215253007 6.263636589050293 1251
1713215253112 6.263424396514893 1252
1713215253218 6.259803771972656 1253
1713215253323 6.264176845550537 1254
1713215253426 6.264200210571289 1255
1713215253530 6.263827800750732 1256
1713215253633 6.26321268081665 1257
1713215253732 6.264194965362549 1258
1713215253834 6.259295463562012 1259
1713215253933 6.26405668258667 1260
1713215254039 6.225414276123047 1261
1713215254137 6.263874053955078 1262
1713215254241 6.263670444488525 1263
1713215254345 6.255422115325928 1264
1713215254452 6.2637505531311035 1265
1713215254556 6.262204170227051 1266
1713215254657 6.263885498046875 1267
1713215254759 6.25515079498291 1268
1713215254858 6.263514041900635 1269
1713215254962 6.257692813873291 1270
1713215255061 6.262311935424805 1271
1713215255165 6.260407447814941 1272
1713215255270 6.263986587524414 1273
1713215255378 6.264225959777832 1274
1713215255482 6.26411247253418 1275
1713215255586 6.264084815979004 1276
1713215255688 6.239118576049805 1277
1713215255791 6.261115550994873 1278
1713215255895 6.257914066314697 1279
1713215255999 6.236096382141113 1280
1713215256106 6.263639450073242 1281
1713215256204 6.25913143157959 1282
1713215256307 6.263599872589111 1283
1713215256411 6.234463691711426 1284
1713215256524 6.262041091918945 1285
1713215256629 6.250844955444336 1286
1713215256732 6.263060092926025 1287
1713215256840 6.26379919052124 1288
1713215256945 6.2595977783203125 1289
1713215257052 6.262238025665283 1290
1713215257157 6.264832496643066 1291
1713215257303 6.259851932525635 1292
1713215257409 6.22717809677124 1293
1713215257519 6.2365570068359375 1294
1713215257624 6.233808994293213 1295
1713215257726 6.264200210571289 1296
1713215257833 6.228822231292725 1297
1713215257944 6.2626447677612305 1298
1713215258049 6.264317989349365 1299
1713215258154 6.259759902954102 1300
1713215258260 6.245716571807861 1301
1713215258368 6.26137113571167 1302
1713215258471 6.2587199211120605 1303
1713215258575 6.263059616088867 1304
1713215258679 6.263917922973633 1305
1713215258786 6.2634053230285645 1306
1713215258893 6.263660430908203 1307
1713215258999 6.248194217681885 1308
1713215259104 6.264011383056641 1309
1713215259213 6.251841068267822 1310
1713215259320 6.241003036499023 1311
1713215259425 6.259258270263672 1312
1713215259529 6.263687610626221 1313
1713215259638 6.233337879180908 1314
1713215259742 6.264171600341797 1315
1713215259847 6.263058185577393 1316
1713215259951 6.210945129394531 1317
1713215260060 6.263300895690918 1318
1713215260164 6.24690580368042 1319
1713215260269 6.2641754150390625 1320
1713215260373 6.242684841156006 1321
1713215260477 6.2642436027526855 1322
1713215260579 6.261233806610107 1323
1713215260679 6.262438774108887 1324
1713215260782 6.257064342498779 1325
1713215260886 6.259620666503906 1326
1713215260993 6.262742519378662 1327
1713215261095 6.240228176116943 1328
1713215261194 6.2644734382629395 1329
1713215261299 6.2546000480651855 1330
1713215261397 6.250067234039307 1331
1713215261505 6.260982990264893 1332
1713215261612 6.261481761932373 1333
1713215261717 6.264318943023682 1334
1713215261820 6.264056205749512 1335
1713215261925 6.256175518035889 1336
1713215262030 6.264639377593994 1337
1713215262142 6.261847972869873 1338
1713215262249 6.2638750076293945 1339
1713215262353 6.249764442443848 1340
1713215262458 6.264036655426025 1341
1713215262567 6.262467384338379 1342
1713215262671 6.26413631439209 1343
1713215262778 6.260665416717529 1344
1713215262882 6.249355792999268 1345
1713215262998 6.2626166343688965 1346
1713215263105 6.246711730957031 1347
1713215263217 6.263282775878906 1348
1713215263323 6.264100074768066 1349
1713215263430 6.25909423828125 1350
1713215263534 6.25955057144165 1351
1713215263638 6.263710975646973 1352
1713215263742 6.2571306228637695 1353
1713215263842 6.258167743682861 1354
1713215263946 6.26173210144043 1355
1713215264049 6.234668254852295 1356
1713215264152 6.2642130851745605 1357
1713215264255 6.262004375457764 1358
1713215264357 6.263455390930176 1359
1713215264461 6.264261245727539 1360
1713215264565 6.258425235748291 1361
1713215264669 6.263110160827637 1362
1713215264772 6.235714435577393 1363
1713215264877 6.23764181137085 1364
1713215264979 6.2645583152771 1365
1713215265078 6.2343220710754395 1366
1713215265204 6.2630438804626465 1367
1713215265307 6.264589786529541 1368
1713215265411 6.264604091644287 1369
1713215265513 6.264485836029053 1370
1713215265616 6.236752986907959 1371
1713215265719 6.232694625854492 1372
1713215265823 6.264281272888184 1373
1713215265926 6.263987064361572 1374
1713215266037 6.232587814331055 1375
1713215266141 6.26416015625 1376
1713215266237 6.264263153076172 1377
1713215266341 6.261096954345703 1378
1713215266445 6.263529300689697 1379
1713215266548 6.261144638061523 1380
1713215266651 6.2641425132751465 1381
1713215266756 6.263910293579102 1382
1713215266860 6.262227535247803 1383
1713215266964 6.2643842697143555 1384
1713215267068 6.263372898101807 1385
1713215267172 6.262351036071777 1386
1713215267276 6.261651992797852 1387
1713215267380 6.262470722198486 1388
1713215267483 6.263617038726807 1389
1713215267587 6.264382362365723 1390
1713215267689 6.264357089996338 1391
1713215267792 6.236212253570557 1392
1713215267895 6.259194850921631 1393
1713215267998 6.263927936553955 1394
1713215268102 6.263351917266846 1395
1713215268208 6.264317512512207 1396
1713215268312 6.234060764312744 1397
1713215268416 6.254712104797363 1398
1713215268519 6.2638068199157715 1399
1713215268621 6.254078388214111 1400
1713215268724 6.264029026031494 1401
1713215268828 6.263220310211182 1402
1713215268930 6.264394283294678 1403
1713215269034 6.234392166137695 1404
1713215269137 6.263659954071045 1405
1713215269240 6.2639851570129395 1406
1713215269343 6.264371395111084 1407
1713215269446 6.262157440185547 1408
1713215269548 6.242973327636719 1409
1713215269652 6.263357162475586 1410
1713215269755 6.264313697814941 1411
1713215269860 6.244178295135498 1412
1713215269966 6.264329433441162 1413
1713215270069 6.250415325164795 1414
1713215270172 6.258012294769287 1415
1713215270277 6.263822555541992 1416
1713215270387 6.24237585067749 1417
1713215270490 6.258007526397705 1418
1713215270594 6.263355731964111 1419
1713215270697 6.264004707336426 1420
1713215270800 6.263319492340088 1421
1713215270902 6.264025688171387 1422
1713215271004 6.26373291015625 1423
1713215271116 6.263087272644043 1424
1713215271219 6.2638020515441895 1425
1713215271320 6.262854099273682 1426
1713215271424 6.260505199432373 1427
1713215271528 6.263910293579102 1428
1713215271630 6.263944149017334 1429
1713215271728 6.263834476470947 1430
1713215271831 6.260831356048584 1431
1713215271934 6.23507833480835 1432
1713215272037 6.263907432556152 1433
1713215272142 6.263291358947754 1434
1713215272246 6.264005661010742 1435
1713215272353 6.262463092803955 1436
1713215272458 6.263518810272217 1437
1713215272561 6.260707855224609 1438
1713215272665 6.262630939483643 1439
1713215272769 6.259012222290039 1440
1713215272867 6.262824058532715 1441
1713215272969 6.26041316986084 1442
1713215273068 6.262475967407227 1443
1713215273171 6.263725280761719 1444
1713215273275 6.263842582702637 1445
1713215273377 6.238304138183594 1446
1713215273481 6.263525009155273 1447
1713215273584 6.259651184082031 1448
1713215273688 6.260499000549316 1449
1713215273790 6.232973098754883 1450
1713215273893 6.263160705566406 1451
1713215273998 6.258980751037598 1452
1713215274101 6.263640403747559 1453
1713215274235 6.232542037963867 1454
1713215274340 6.233386516571045 1455
1713215274445 6.262247085571289 1456
1713215274551 6.252841472625732 1457
1713215274655 6.259074687957764 1458
1713215274759 6.262239933013916 1459
1713215274863 6.263359069824219 1460
1713215274967 6.2639546394348145 1461
1713215275071 6.263088703155518 1462
1713215275176 6.264166355133057 1463
1713215275285 6.264288902282715 1464
1713215275387 6.244387149810791 1465
1713215275490 6.2645111083984375 1466
1713215275592 6.262818813323975 1467
1713215275694 6.264092445373535 1468
1713215275798 6.255107402801514 1469
1713215275902 6.262877464294434 1470
1713215276006 6.229166030883789 1471
1713215276109 6.263045310974121 1472
1713215276212 6.259241580963135 1473
1713215276316 6.238809585571289 1474
1713215276421 6.263001918792725 1475
1713215276526 6.2632527351379395 1476
1713215276626 6.260165214538574 1477
1713215276730 6.264264106750488 1478
1713215276834 6.264183521270752 1479
1713215276938 6.255051136016846 1480
1713215277043 6.263704776763916 1481
1713215277146 6.263232231140137 1482
1713215277250 6.260430335998535 1483
1713215277354 6.263139724731445 1484
1713215277459 6.239565372467041 1485
1713215277563 6.264371395111084 1486
1713215277665 6.255161285400391 1487
1713215277768 6.261585712432861 1488
1713215277872 6.258591175079346 1489
1713215277974 6.246548652648926 1490
1713215278077 6.254517555236816 1491
1713215278178 6.236301898956299 1492
1713215278281 6.244837760925293 1493
1713215278386 6.262643337249756 1494
1713215278491 6.258092880249023 1495
1713215278595 6.263948440551758 1496
1713215278697 6.254044055938721 1497
1713215278800 6.263087749481201 1498
1713215278903 6.23911190032959 1499
1713215279006 6.258556842803955 1500
1713215279109 6.26365852355957 1501
1713215279212 6.262633323669434 1502
1713215279310 6.263720512390137 1503
1713215279412 6.257325172424316 1504
1713215279517 6.262438774108887 1505
1713215279623 6.262457370758057 1506
1713215279727 6.26413106918335 1507
1713215279830 6.263853549957275 1508
1713215279937 6.245827674865723 1509
1713215280040 6.263167381286621 1510
1713215280146 6.238258361816406 1511
1713215280250 6.254448413848877 1512
1713215280354 6.247626781463623 1513
1713215280458 6.260927677154541 1514
1713215280561 6.254241466522217 1515
1713215280666 6.261643409729004 1516
1713215280769 6.264197826385498 1517
1713215280872 6.264057159423828 1518
1713215280978 6.260587692260742 1519
1713215281081 6.2633891105651855 1520
1713215281183 6.261650085449219 1521
1713215281282 6.264227390289307 1522
1713215281385 6.261927127838135 1523
1713215281488 6.261000156402588 1524
1713215281590 6.263206481933594 1525
1713215281692 6.264268398284912 1526
1713215281791 6.263520240783691 1527
1713215281892 6.263796329498291 1528
1713215281990 6.264281272888184 1529
1713215282094 6.262967586517334 1530
1713215282193 6.238576412200928 1531
1713215282295 6.263748645782471 1532
1713215282393 6.261534690856934 1533
1713215282496 6.263479709625244 1534
1713215282601 6.264269828796387 1535
1713215282704 6.263150691986084 1536
1713215282831 6.263879299163818 1537
1713215282934 6.263255596160889 1538
1713215283039 6.264380931854248 1539
1713215283144 6.263525485992432 1540
1713215283242 6.2624287605285645 1541
1713215283343 6.233901023864746 1542
1713215283447 6.252958297729492 1543
1713215283550 6.263741493225098 1544
1713215283654 6.263523578643799 1545
1713215283758 6.261634826660156 1546
1713215283863 6.263775825500488 1547
1713215283967 6.246654987335205 1548
1713215284070 6.260415077209473 1549
1713215284168 6.26316499710083 1550
1713215284272 6.256201267242432 1551
1713215284378 6.260195255279541 1552
1713215284481 6.262801647186279 1553
1713215284583 6.2629828453063965 1554
1713215284688 6.259368419647217 1555
1713215284792 6.259397983551025 1556
1713215284895 6.257944107055664 1557
1713215284998 6.248093605041504 1558
1713215285101 6.222294330596924 1559
1713215285206 6.2629008293151855 1560
1713215285310 6.242191791534424 1561
1713215285414 6.264300346374512 1562
1713215285521 6.217226982116699 1563
1713215285624 6.223681449890137 1564
1713215285733 6.2551398277282715 1565
1713215285839 6.262450218200684 1566
1713215285941 6.2552170753479 1567
1713215286044 6.262699604034424 1568
1713215286142 6.233889102935791 1569
1713215286246 6.263219356536865 1570
1713215286354 6.256194114685059 1571
1713215286472 6.226872444152832 1572
1713215286576 6.239085674285889 1573
1713215286679 6.26108455657959 1574
1713215286783 6.252675533294678 1575
1713215286902 6.253810882568359 1576
1713215287024 6.261066913604736 1577
1713215287130 6.224951267242432 1578
1713215287232 6.264346599578857 1579
1713215287356 6.2638840675354 1580
1713215287475 6.254705429077148 1581
1713215287581 6.261516094207764 1582
1713215287683 6.247011661529541 1583
1713215287789 6.262355327606201 1584
1713215287893 6.262347221374512 1585
1713215287998 6.241489410400391 1586
1713215288104 6.263184547424316 1587
1713215288201 6.264458656311035 1588
1713215288304 6.252879619598389 1589
1713215288407 6.263895511627197 1590
1713215288505 6.264319896697998 1591
1713215288608 6.26161003112793 1592
1713215288707 6.261128902435303 1593
1713215288809 6.256546974182129 1594
1713215288906 6.262318134307861 1595
1713215289014 6.23339319229126 1596
1713215289112 6.262803077697754 1597
1713215289214 6.254266262054443 1598
1713215289322 6.263686656951904 1599
1713215289423 6.239709854125977 1600
1713215289526 6.259540557861328 1601
1713215289625 6.264180660247803 1602
1713215289728 6.262738227844238 1603
1713215289831 6.249483585357666 1604
1713215289934 6.26284122467041 1605
1713215290040 6.263130187988281 1606
1713215290142 6.263968467712402 1607
1713215290245 6.264541149139404 1608
1713215290352 6.264163017272949 1609
1713215290462 6.231987953186035 1610
1713215290564 6.263720512390137 1611
1713215290667 6.2641520500183105 1612
1713215290775 6.260476589202881 1613
1713215290878 6.251123905181885 1614
1713215290979 6.261622905731201 1615
1713215291077 6.2625603675842285 1616
1713215291181 6.264275074005127 1617
1713215291285 6.257732391357422 1618
1713215291388 6.239879608154297 1619
1713215291491 6.263778209686279 1620
1713215291589 6.233361721038818 1621
1713215291691 6.262760639190674 1622
1713215291789 6.2637834548950195 1623
1713215291911 6.245401859283447 1624
1713215292017 6.235315799713135 1625
1713215292120 6.2635498046875 1626
1713215292224 6.2642598152160645 1627
1713215292328 6.240137100219727 1628
1713215292433 6.262450695037842 1629
1713215292538 6.263728618621826 1630
1713215292643 6.261468410491943 1631
1713215292745 6.264395713806152 1632
1713215292848 6.262112617492676 1633
1713215292952 6.258554458618164 1634
1713215293056 6.203232288360596 1635
1713215293159 6.258631706237793 1636
1713215293264 6.254150867462158 1637
1713215293368 6.2463059425354 1638
1713215293471 6.25217342376709 1639
1713215293575 6.233719348907471 1640
1713215293677 6.263782024383545 1641
1713215293781 6.263580322265625 1642
1713215293886 6.263210296630859 1643
1713215293990 6.264852523803711 1644
1713215294094 6.248443126678467 1645
1713215294197 6.263618469238281 1646
1713215294303 6.260713577270508 1647
1713215294406 6.262966156005859 1648
1713215294524 6.260930061340332 1649
1713215294626 6.251287937164307 1650
1713215294724 6.254978179931641 1651
1713215294828 6.262695789337158 1652
1713215294931 6.245233058929443 1653
1713215295036 6.256807327270508 1654
1713215295142 6.2593159675598145 1655
1713215295247 6.263267517089844 1656
1713215295356 6.264244079589844 1657
1713215295461 6.263240814208984 1658
1713215295566 6.26419734954834 1659
1713215295673 6.264017105102539 1660
1713215295777 6.26146936416626 1661
1713215295878 6.234377384185791 1662
1713215295983 6.2635087966918945 1663
1713215296085 6.2597150802612305 1664
1713215296189 6.263561725616455 1665
1713215296292 6.263839244842529 1666
1713215296396 6.264288425445557 1667
1713215296505 6.253050327301025 1668
1713215296608 6.234416484832764 1669
1713215296713 6.261146545410156 1670
1713215296816 6.2641401290893555 1671
1713215296926 6.261903285980225 1672
1713215297032 6.263804912567139 1673
1713215297146 6.2589850425720215 1674
1713215297250 6.2608418464660645 1675
1713215297358 6.2635884284973145 1676
1713215297462 6.264519691467285 1677
1713215297566 6.2333221435546875 1678
1713215297668 6.263752460479736 1679
1713215297776 6.264200210571289 1680
1713215297878 6.263293266296387 1681
1713215297981 6.263331413269043 1682
1713215298082 6.249105930328369 1683
1713215298185 6.263822555541992 1684
1713215298288 6.247662544250488 1685
1713215298393 6.263921737670898 1686
1713215298492 6.263648509979248 1687
1713215298595 6.26424503326416 1688
1713215298693 6.263740539550781 1689
1713215298796 6.264280796051025 1690
1713215298899 6.26330041885376 1691
1713215299001 6.258663177490234 1692
1713215299106 6.262697696685791 1693
1713215299209 6.264154434204102 1694
1713215299312 6.2629852294921875 1695
1713215299416 6.264283180236816 1696
1713215299521 6.263319492340088 1697
1713215299620 6.207559108734131 1698
1713215299722 6.262465953826904 1699
1713215299825 6.234364032745361 1700
1713215299933 6.260301113128662 1701
1713215300039 6.2451629638671875 1702
1713215300138 6.26337194442749 1703
1713215300240 6.263952732086182 1704
1713215300348 6.264499187469482 1705
1713215300452 6.263010025024414 1706
1713215300555 6.263017177581787 1707
1713215300659 6.263379096984863 1708
1713215300766 6.262188911437988 1709
1713215300869 6.263942718505859 1710
1713215300972 6.237575054168701 1711
1713215301075 6.2629780769348145 1712
1713215301174 6.264043807983398 1713
1713215301276 6.263338088989258 1714
1713215301386 6.263210296630859 1715
1713215301504 6.262707233428955 1716
1713215301608 6.263312816619873 1717
1713215301712 6.2597246170043945 1718
1713215301818 6.259267807006836 1719
1713215301925 6.232189655303955 1720
1713215302033 6.25814151763916 1721
1713215302143 6.2617902755737305 1722
1713215302246 6.258042335510254 1723
1713215302354 6.262870788574219 1724
1713215302458 6.222078323364258 1725
1713215302564 6.263823509216309 1726
1713215302667 6.264725685119629 1727
1713215302774 6.26338529586792 1728
1713215302877 6.258094310760498 1729
1713215302983 6.25097131729126 1730
1713215303087 6.263698577880859 1731
1713215303192 6.261380195617676 1732
1713215303297 6.263523101806641 1733
1713215303401 6.2609686851501465 1734
1713215303506 6.250171661376953 1735
1713215303610 6.263301372528076 1736
1713215303713 6.264008045196533 1737
1713215303821 6.2459001541137695 1738
1713215303926 6.2620320320129395 1739
1713215304029 6.260499954223633 1740
1713215304132 6.263786792755127 1741
1713215304237 6.262308597564697 1742
1713215304342 6.2397780418396 1743
1713215304445 6.249809265136719 1744
1713215304549 6.256770610809326 1745
1713215304652 6.264042854309082 1746
1713215304756 6.263792037963867 1747
1713215304860 6.260805606842041 1748
1713215304968 6.264237880706787 1749
1713215305071 6.235003471374512 1750
1713215305173 6.264607906341553 1751
1713215305278 6.263699054718018 1752
1713215305380 6.235898494720459 1753
1713215305484 6.2518086433410645 1754
1713215305588 6.242831230163574 1755
1713215305693 6.264457702636719 1756
1713215305802 6.232183933258057 1757
1713215305905 6.262517929077148 1758
1713215306008 6.264247894287109 1759
1713215306111 6.2647385597229 1760
1713215306218 6.209075927734375 1761
1713215306321 6.251290798187256 1762
1713215306425 6.25034236907959 1763
1713215306530 6.259634971618652 1764
1713215306639 6.262796401977539 1765
1713215306744 6.26072883605957 1766
1713215306848 6.235717296600342 1767
1713215306952 6.264389991760254 1768
1713215307057 6.253680229187012 1769
1713215307159 6.262742519378662 1770
1713215307264 6.2599005699157715 1771
1713215307366 6.264004230499268 1772
1713215307476 6.2183427810668945 1773
1713215307583 6.263991355895996 1774
1713215307686 6.263228416442871 1775
1713215307790 6.263877868652344 1776
1713215307893 6.263265609741211 1777
1713215308003 6.222515106201172 1778
1713215308105 6.262020111083984 1779
1713215308203 6.261935710906982 1780
1713215308305 6.263645648956299 1781
1713215308411 6.263787269592285 1782
1713215308511 6.259921550750732 1783
1713215308613 6.230972766876221 1784
1713215308718 6.263479709625244 1785
1713215308825 6.262307167053223 1786
1713215308927 6.264514923095703 1787
1713215309029 6.238114356994629 1788
1713215309128 6.2376813888549805 1789
1713215309230 6.238357067108154 1790
1713215309328 6.2575364112854 1791
1713215309429 6.217538833618164 1792
1713215309527 6.2342610359191895 1793
1713215309633 6.264243125915527 1794
1713215309733 6.233849048614502 1795
1713215309870 6.264619827270508 1796
1713215309978 6.261773109436035 1797
1713215310085 6.234129905700684 1798
1713215310192 6.264069080352783 1799
1713215310304 6.2351579666137695 1800
1713215310410 6.247727394104004 1801
1713215310517 6.263725280761719 1802
1713215310624 6.264498233795166 1803
1713215310735 6.234495639801025 1804
1713215310842 6.261329174041748 1805
1713215310950 6.2633562088012695 1806
1713215311058 6.23995304107666 1807
1713215311167 6.23341703414917 1808
1713215311277 6.26010274887085 1809
1713215311389 6.264273166656494 1810
1713215311495 6.263779163360596 1811
1713215311602 6.263232231140137 1812
1713215311709 6.2641825675964355 1813
1713215311816 6.261892795562744 1814
1713215311924 6.238070011138916 1815
1713215312034 6.264599323272705 1816
1713215312142 6.263888359069824 1817
1713215312250 6.263412952423096 1818
1713215312362 6.256205081939697 1819
1713215312470 6.257115364074707 1820
1713215312580 6.257810592651367 1821
1713215312687 6.264438629150391 1822
1713215312798 6.245844841003418 1823
1713215312904 6.264157295227051 1824
1713215313010 6.262511253356934 1825
1713215313118 6.264173984527588 1826
1713215313223 6.248968601226807 1827
1713215313336 6.252835750579834 1828
1713215313441 6.229339122772217 1829
1713215313551 6.260092258453369 1830
1713215313656 6.264510631561279 1831
1713215313779 6.211905479431152 1832
1713215313884 6.233205795288086 1833
1713215313988 6.261513710021973 1834
1713215314092 6.264612197875977 1835
1713215314197 6.264260768890381 1836
1713215314302 6.264487266540527 1837
1713215314407 6.257246017456055 1838
1713215314516 6.263939380645752 1839
1713215314620 6.256133079528809 1840
1713215314719 6.253471374511719 1841
1713215314824 6.263437271118164 1842
1713215314930 6.264674186706543 1843
1713215315035 6.256265640258789 1844
1713215315140 6.263467788696289 1845
1713215315245 6.250026702880859 1846
1713215315349 6.26405143737793 1847
1713215315458 6.26381254196167 1848
1713215315561 6.263938903808594 1849
1713215315668 6.264610290527344 1850
1713215315773 6.256250858306885 1851
1713215315876 6.227424144744873 1852
1713215315984 6.263848304748535 1853
1713215316091 6.263718128204346 1854
1713215316195 6.259513854980469 1855
1713215316301 6.260096073150635 1856
1713215316404 6.264718055725098 1857
1713215316508 6.264196395874023 1858
1713215316614 6.237083435058594 1859
1713215316719 6.233039379119873 1860
1713215316829 6.258274555206299 1861
1713215316933 6.263444423675537 1862
1713215317037 6.258631229400635 1863
1713215317142 6.22990608215332 1864
1713215317246 6.247759819030762 1865
1713215317354 6.23896598815918 1866
1713215317462 6.2637834548950195 1867
1713215317572 6.258031845092773 1868
1713215317678 6.264297962188721 1869
1713215317783 6.253544330596924 1870
1713215317886 6.263962745666504 1871
1713215317994 6.263382911682129 1872
1713215318100 6.264266014099121 1873
1713215318206 6.2149248123168945 1874
1713215318310 6.263760089874268 1875
1713215318415 6.213489055633545 1876
1713215318523 6.260923862457275 1877
1713215318628 6.258570671081543 1878
1713215318733 6.211731433868408 1879
1713215318838 6.248230934143066 1880
1713215318945 6.238946914672852 1881
1713215319084 6.2584052085876465 1882
1713215319188 6.234451770782471 1883
1713215319296 6.2624125480651855 1884
1713215319399 6.263610363006592 1885
1713215319504 6.26033353805542 1886
1713215319609 6.26442813873291 1887
1713215319714 6.235304832458496 1888
1713215320032 6.264238357543945 1889
1713215320135 6.2629852294921875 1890
1713215320239 6.264285087585449 1891
1713215320345 6.261261463165283 1892
1713215320451 6.253197193145752 1893
1713215320559 6.264261245727539 1894
1713215320664 6.235804557800293 1895
1713215320768 6.259365558624268 1896
1713215320871 6.230536937713623 1897
1713215320979 6.258817195892334 1898
1713215321085 6.23659610748291 1899
1713215321189 6.262449264526367 1900
1713215321294 6.262416362762451 1901
1713215321399 6.264132022857666 1902
1713215321505 6.251658916473389 1903
1713215321609 6.228607654571533 1904
1713215321713 6.232311725616455 1905
1713215321817 6.259346961975098 1906
1713215321931 6.23255729675293 1907
1713215322040 6.2639617919921875 1908
1713215322144 6.263354778289795 1909
1713215322248 6.264098644256592 1910
1713215322353 6.2370476722717285 1911
1713215322461 6.264245510101318 1912
1713215322565 6.2467427253723145 1913
1713215322671 6.2643656730651855 1914
1713215322775 6.264127731323242 1915
1713215322879 6.2296857833862305 1916
1713215322988 6.247685432434082 1917
1713215323093 6.231844902038574 1918
1713215323198 6.262144565582275 1919
1713215323303 6.262895107269287 1920
1713215323406 6.224591255187988 1921
1713215323511 6.264377593994141 1922
1713215323621 6.264099597930908 1923
1713215323718 6.233819484710693 1924
1713215323822 6.232110023498535 1925
1713215323927 6.2622246742248535 1926
1713215324032 6.264281272888184 1927
1713215324137 6.264398574829102 1928
1713215324240 6.204318046569824 1929
1713215324345 6.263662338256836 1930
1713215324448 6.263617515563965 1931
1713215324553 6.262270450592041 1932
1713215324659 6.238385200500488 1933
1713215324763 6.226737022399902 1934
1713215324866 6.264102458953857 1935
1713215324971 6.201804161071777 1936
1713215325076 6.260186672210693 1937
1713215325181 6.237095832824707 1938
1713215325285 6.248230934143066 1939
1713215325394 6.203464984893799 1940
1713215325498 6.232693195343018 1941
1713215325602 6.256017208099365 1942
1713215325706 6.2184367179870605 1943
1713215325815 6.263461112976074 1944
1713215325918 6.2074456214904785 1945
1713215326022 6.263245105743408 1946
1713215326126 6.259552955627441 1947
1713215326230 6.239995956420898 1948
1713215326335 6.262203216552734 1949
1713215326438 6.255550384521484 1950
1713215326542 6.262389183044434 1951
1713215326647 6.263240814208984 1952
1713215326753 6.264679431915283 1953
1713215326856 6.262406826019287 1954
1713215326959 6.233636856079102 1955
1713215327062 6.247324466705322 1956
1713215327166 6.253299236297607 1957
1713215327269 6.264673709869385 1958
1713215327372 6.264566421508789 1959
1713215327476 6.255329132080078 1960
1713215327580 6.264502048492432 1961
1713215327689 6.21201229095459 1962
1713215327792 6.26424503326416 1963
1713215327896 6.264082431793213 1964
1713215327999 6.262452602386475 1965
1713215328104 6.263552665710449 1966
1713215328207 6.264063835144043 1967
1713215328311 6.263431549072266 1968
1713215328415 6.247922420501709 1969
1713215328523 6.228054523468018 1970
1713215328628 6.264160633087158 1971
1713215328732 6.263228893280029 1972
1713215328837 6.233109474182129 1973
1713215328941 6.263913154602051 1974
1713215329044 6.233452796936035 1975
1713215329148 6.23372220993042 1976
1713215329251 6.218519687652588 1977
1713215329355 6.249904632568359 1978
1713215329459 6.263377666473389 1979
1713215329566 6.250210285186768 1980
1713215329672 6.224502086639404 1981
1713215329776 6.255939483642578 1982
1713215329882 6.263484477996826 1983
1713215329989 6.238597869873047 1984
1713215330094 6.264344692230225 1985
1713215330196 6.259413242340088 1986
1713215330299 6.2635345458984375 1987
1713215330402 6.264118194580078 1988
1713215330505 6.249284267425537 1989
1713215330615 6.264340400695801 1990
1713215330719 6.264220714569092 1991
1713215330822 6.259712219238281 1992
1713215330925 6.262073993682861 1993
1713215331029 6.261622905731201 1994
1713215331133 6.26349401473999 1995
1713215331247 6.256805419921875 1996
1713215331351 6.263792514801025 1997
1713215331455 6.263749599456787 1998
1713215331559 6.26166296005249 1999
1713215331664 6.2599897384643555 2000
1713215331769 6.26420783996582 2001
1713215331876 6.251140117645264 2002
1713215331981 6.263235092163086 2003
1713215332085 6.20742654800415 2004
1713215332189 6.264169692993164 2005
1713215332292 6.264291763305664 2006
1713215332396 6.264406204223633 2007
1713215332499 6.262670040130615 2008
1713215332601 6.232935905456543 2009
1713215332700 6.264571189880371 2010
1713215332804 6.233885765075684 2011
1713215332909 6.2643208503723145 2012
1713215333012 6.25878381729126 2013
1713215333112 6.263726234436035 2014
1713215333221 6.2640485763549805 2015
1713215333325 6.264618396759033 2016
1713215333431 6.263416290283203 2017
1713215333535 6.254790306091309 2018
1713215333639 6.250524520874023 2019
1713215333747 6.264589786529541 2020
1713215333852 6.2447333335876465 2021
1713215333956 6.264321327209473 2022
1713215334061 6.262266159057617 2023
1713215334164 6.263741970062256 2024
1713215334268 6.242088317871094 2025
1713215334372 6.2647271156311035 2026
1713215334480 6.224758148193359 2027
1713215334584 6.26221227645874 2028
1713215334689 6.2554731369018555 2029
1713215334792 6.24334716796875 2030
1713215334903 6.262218475341797 2031
1713215335007 6.264218330383301 2032
1713215335113 6.264334678649902 2033
1713215335220 6.248002529144287 2034
1713215335329 6.2630934715271 2035
1713215335433 6.261621952056885 2036
1713215335537 6.263819217681885 2037
1713215335642 6.245296478271484 2038
1713215335751 6.264459133148193 2039
1713215335855 6.2562255859375 2040
1713215335959 6.233699798583984 2041
1713215336062 6.26352071762085 2042
1713215336172 6.263401031494141 2043
1713215336276 6.2193922996521 2044
1713215336380 6.26479434967041 2045
1713215336486 6.264090061187744 2046
1713215336592 6.2633538246154785 2047
1713215336697 6.255007266998291 2048
1713215336802 6.264081954956055 2049
1713215336908 6.227758884429932 2050
1713215337014 6.231168270111084 2051
1713215337119 6.26312255859375 2052
1713215337222 6.261963844299316 2053
1713215337325 6.263733386993408 2054
1713215337429 6.2639689445495605 2055
1713215337554 6.259380340576172 2056
1713215337662 6.232384204864502 2057
1713215337790 6.26322078704834 2058
1713215337895 6.262745380401611 2059
1713215337998 6.264239311218262 2060
1713215338107 6.251909255981445 2061
1713215338213 6.241591453552246 2062
1713215338314 6.248918533325195 2063
1713215338422 6.255153179168701 2064
1713215338525 6.262386322021484 2065
1713215338626 6.244033336639404 2066
1713215338727 6.262194633483887 2067
1713215338833 6.25888729095459 2068
1713215338937 6.246442794799805 2069
1713215339040 6.262563228607178 2070
1713215339145 6.262935638427734 2071
1713215339253 6.2634382247924805 2072
1713215339360 6.232327461242676 2073
1713215339467 6.227438449859619 2074
1713215339575 6.23301362991333 2075
1713215339686 6.210982322692871 2076
1713215339790 6.261563301086426 2077
1713215339894 6.258205413818359 2078
1713215339999 6.2541117668151855 2079
1713215340106 6.235681533813477 2080
1713215340213 6.263214588165283 2081
1713215340318 6.264416694641113 2082
1713215340418 6.246481418609619 2083
1713215340521 6.262751579284668 2084
1713215340629 6.260780334472656 2085
1713215340734 6.263693809509277 2086
1713215340849 6.223723888397217 2087
1713215340951 6.263862609863281 2088
1713215341061 6.261990547180176 2089
1713215341164 6.252172946929932 2090
1713215341264 6.244868278503418 2091
1713215341369 6.224782466888428 2092
1713215341478 6.252927780151367 2093
1713215341580 6.2639851570129395 2094
1713215341685 6.263951301574707 2095
1713215341788 6.245684623718262 2096
1713215341893 6.259227752685547 2097
1713215341995 6.237256050109863 2098
1713215342093 6.259952545166016 2099
1713215342195 6.23407506942749 2100
1713215342302 6.263901710510254 2101
1713215342404 6.263804912567139 2102
1713215342507 6.263275623321533 2103
1713215342609 6.264404296875 2104
1713215342707 6.262515068054199 2105
1713215342812 6.263941764831543 2106
1713215342921 6.263669967651367 2107
1713215343023 6.2639241218566895 2108
1713215343122 6.262195110321045 2109
1713215343225 6.264549255371094 2110
1713215343332 6.230956554412842 2111
1713215343429 6.254998683929443 2112
1713215343534 6.259408473968506 2113
1713215343637 6.264255523681641 2114
1713215343745 6.264082431793213 2115
1713215343849 6.2627997398376465 2116
1713215343954 6.216883182525635 2117
1713215344058 6.263429641723633 2118
1713215344165 6.263978004455566 2119
1713215344269 6.263971328735352 2120
1713215344372 6.260728359222412 2121
1713215344476 6.260129928588867 2122
1713215344583 6.262847423553467 2123
1713215344686 6.264256477355957 2124
1713215344791 6.2476582527160645 2125
1713215344895 6.264084815979004 2126
1713215345000 6.2645368576049805 2127
1713215345105 6.234092712402344 2128
1713215345210 6.186532020568848 2129
1713215345320 6.263535022735596 2130
1713215345425 6.237301349639893 2131
1713215345529 6.238788604736328 2132
1713215345634 6.263582706451416 2133
1713215345756 6.263338088989258 2134
1713215345861 6.232735633850098 2135
1713215345968 6.246813774108887 2136
1713215346075 6.260087490081787 2137
1713215346180 6.2649455070495605 2138
1713215346286 6.249297618865967 2139
1713215346396 6.263949871063232 2140
1713215346501 6.263571739196777 2141
1713215346608 6.261707305908203 2142
1713215346712 6.263647556304932 2143
1713215346819 6.264606952667236 2144
1713215346924 6.264627456665039 2145
1713215347027 6.229306697845459 2146
1713215347126 6.264235973358154 2147
1713215347244 6.264408111572266 2148
1713215347357 6.233376979827881 2149
1713215347461 6.263771057128906 2150
1713215347567 6.203091144561768 2151
1713215347669 6.264225006103516 2152
1713215347767 6.264538764953613 2153
1713215347871 6.263115882873535 2154
1713215347976 6.263439655303955 2155
1713215348084 6.263725280761719 2156
1713215348188 6.2614827156066895 2157
1713215348291 6.260161399841309 2158
1713215348395 6.256979942321777 2159
1713215348498 6.264164924621582 2160
1713215348606 6.264447212219238 2161
1713215348709 6.261360168457031 2162
1713215348814 6.263172149658203 2163
1713215348918 6.261014938354492 2164
1713215349026 6.241702556610107 2165
1713215349128 6.261280536651611 2166
1713215349232 6.263729095458984 2167
1713215349337 6.264521598815918 2168
1713215349442 6.263779640197754 2169
1713215349547 6.25903844833374 2170
1713215349651 6.264491081237793 2171
1713215349755 6.244964599609375 2172
1713215349859 6.264540195465088 2173
1713215349963 6.263736248016357 2174
1713215350066 6.25645112991333 2175
1713215350171 6.258717060089111 2176
1713215350278 6.263460159301758 2177
1713215350381 6.236871719360352 2178
1713215350486 6.249983787536621 2179
1713215350590 6.2621049880981445 2180
1713215350695 6.231324672698975 2181
1713215350798 6.262149810791016 2182
1713215350898 6.261134147644043 2183
1713215351002 6.262393951416016 2184
1713215351106 6.263960838317871 2185
1713215351209 6.253271102905273 2186
1713215351311 6.262073040008545 2187
1713215351422 6.233222961425781 2188
1713215351525 6.239480018615723 2189
1713215351627 6.263705730438232 2190
1713215351731 6.234968185424805 2191
1713215351829 6.264455795288086 2192
1713215351952 6.262727737426758 2193
1713215352055 6.239672660827637 2194
1713215352157 6.222261905670166 2195
1713215352259 6.242391109466553 2196
1713215352361 6.258646488189697 2197
1713215352464 6.2556023597717285 2198
1713215352565 6.244735240936279 2199
1713215352669 6.264556884765625 2200
1713215352776 6.256438732147217 2201
1713215352878 6.233270168304443 2202
1713215352982 6.210026264190674 2203
1713215353087 6.263820648193359 2204
1713215353190 6.23586368560791 2205
1713215353295 6.261181354522705 2206
1713215353394 6.234376430511475 2207
1713215353497 6.2642951011657715 2208
1713215353595 6.261021137237549 2209
1713215353701 6.26173210144043 2210
1713215353804 6.2485551834106445 2211
1713215353905 6.26361083984375 2212
1713215354009 6.260781288146973 2213
1713215354114 6.2354230880737305 2214
1713215354218 6.264252662658691 2215
1713215354317 6.24358606338501 2216
1713215354421 6.207914352416992 2217
1713215354527 6.247879505157471 2218
1713215354637 6.252852439880371 2219
1713215354741 6.259523391723633 2220
1713215354845 6.26288366317749 2221
1713215354949 6.262303352355957 2222
1713215355051 6.264191627502441 2223
1713215355156 6.263927936553955 2224
1713215355260 6.264154434204102 2225
1713215355363 6.237617492675781 2226
1713215355467 6.229223728179932 2227
1713215355571 6.249488353729248 2228
1713215355679 6.2311906814575195 2229
1713215355777 6.252891540527344 2230
1713215355882 6.255834102630615 2231
1713215355985 6.263872146606445 2232
1713215356090 6.233260154724121 2233
1713215356194 6.229588508605957 2234
1713215356296 6.261276721954346 2235
1713215356394 6.25754451751709 2236
1713215356495 6.264885902404785 2237
1713215356598 6.264918327331543 2238
1713215356706 6.2637038230896 2239
1713215356811 6.264719486236572 2240
1713215356910 6.264840602874756 2241
1713215357013 6.237557888031006 2242
1713215357111 6.2633514404296875 2243
1713215357217 6.248415470123291 2244
1713215357319 6.246899604797363 2245
1713215357423 6.241050720214844 2246
1713215357525 6.241160869598389 2247
1713215357629 6.259564399719238 2248
1713215357731 6.257208347320557 2249
1713215357834 6.2318315505981445 2250
1713215357937 6.263025760650635 2251
1713215358042 6.264720916748047 2252
1713215358147 6.2639336585998535 2253
1713215358253 6.263900279998779 2254
1713215358357 6.26216459274292 2255
1713215358461 6.233982563018799 2256
1713215358565 6.26420259475708 2257
1713215358663 6.262490272521973 2258
1713215358766 6.235660076141357 2259
1713215358865 6.251105785369873 2260
1713215358967 6.261353015899658 2261
1713215359069 6.254049777984619 2262
1713215359167 6.264181137084961 2263
1713215359276 6.264834880828857 2264
1713215359376 6.264520645141602 2265
1713215359480 6.215878009796143 2266
1713215359578 6.264371871948242 2267
1713215359680 6.207438945770264 2268
1713215359782 6.258294105529785 2269
1713215359881 6.26254940032959 2270
1713215359984 6.264512062072754 2271
1713215360084 6.235845565795898 2272
1713215360188 6.223816871643066 2273
1713215360286 6.260599136352539 2274
1713215360391 6.263760089874268 2275
1713215360509 6.26220703125 2276
1713215360608 6.263920783996582 2277
1713215360708 6.263892650604248 2278
1713215360813 6.257974147796631 2279
1713215360915 6.197737693786621 2280
1713215361014 6.256609916687012 2281
1713215361117 6.259848117828369 2282
1713215361223 6.22811222076416 2283
1713215361326 6.258604049682617 2284
1713215361436 6.228816032409668 2285
1713215361539 6.2330098152160645 2286
1713215361659 6.247488975524902 2287
1713215361764 6.242790699005127 2288
1713215361863 6.257096767425537 2289
1713215361966 6.233338356018066 2290
1713215362079 6.2212419509887695 2291
1713215362182 6.262731552124023 2292
1713215362285 6.244653701782227 2293
1713215362388 6.263880252838135 2294
1713215362492 6.264432430267334 2295
1713215362601 6.2631731033325195 2296
1713215362699 6.241196155548096 2297
1713215362801 6.245922565460205 2298
1713215362903 6.253923416137695 2299
1713215363000 6.2642035484313965 2300
1713215363104 6.264708042144775 2301
1713215363214 6.255660533905029 2302
1713215363316 6.258670330047607 2303
1713215363422 6.227630615234375 2304
1713215363520 6.263615131378174 2305
1713215363623 6.262771129608154 2306
1713215363726 6.241183280944824 2307
1713215363828 6.241223335266113 2308
1713215363926 6.203808307647705 2309
1713215364026 6.247215747833252 2310
1713215364124 6.264533996582031 2311
1713215364226 6.25452184677124 2312
1713215364325 6.233714580535889 2313
1713215364430 6.264636516571045 2314
1713215364528 6.263858318328857 2315
1713215364632 6.213339805603027 2316
1713215364735 6.207775592803955 2317
1713215364832 6.264017581939697 2318
1713215364935 6.264019966125488 2319
1713215365040 6.239788055419922 2320
1713215365142 6.252829551696777 2321
1713215365246 6.249638080596924 2322
1713215365349 6.249171257019043 2323
1713215365451 6.2598066329956055 2324
1713215365555 6.260147571563721 2325
1713215365656 6.19615364074707 2326
1713215365760 6.26364803314209 2327
1713215365862 6.26502799987793 2328
1713215365961 6.264111518859863 2329
1713215366063 6.263655662536621 2330
1713215366160 6.264148235321045 2331
1713215366268 6.235164642333984 2332
1713215366367 6.264260292053223 2333
1713215366473 6.264124870300293 2334
1713215366579 6.233441352844238 2335
1713215366680 6.246734619140625 2336
1713215366782 6.264546871185303 2337
1713215366881 6.233343124389648 2338
1713215366983 6.242128849029541 2339
1713215367082 6.251491069793701 2340
1713215367184 6.262636661529541 2341
1713215367287 6.264246940612793 2342
1713215367384 6.264091491699219 2343
1713215367485 6.232696056365967 2344
1713215367585 6.2624640464782715 2345
1713215367685 6.234960079193115 2346
1713215367788 6.264156341552734 2347
1713215367887 6.260135650634766 2348
1713215367989 6.244876384735107 2349
1713215368092 6.263452529907227 2350
1713215368196 6.239340305328369 2351
1713215368300 6.251908779144287 2352
1713215368403 6.2642107009887695 2353
1713215368506 6.258573532104492 2354
1713215368609 6.264576435089111 2355
1713215368708 6.215671539306641 2356
1713215368810 6.232539176940918 2357
1713215368911 6.263138294219971 2358
1713215369013 6.259032726287842 2359
1713215369116 6.2632880210876465 2360
1713215369219 6.261612892150879 2361
1713215369317 6.264309406280518 2362
1713215369419 6.263573169708252 2363
1713215369520 6.262924671173096 2364
1713215369622 6.264920711517334 2365
1713215369720 6.264730453491211 2366
1713215369823 6.251473426818848 2367
1713215369929 6.263618469238281 2368
1713215370032 6.263311386108398 2369
1713215370134 6.264318466186523 2370
1713215370238 6.211483478546143 2371
1713215370337 6.246794700622559 2372
1713215370438 6.220252990722656 2373
1713215370536 6.232923984527588 2374
1713215370633 6.263487815856934 2375
1713215370735 6.260926246643066 2376
1713215370838 6.235903739929199 2377
1713215370944 6.256206035614014 2378
1713215371042 6.206228733062744 2379
1713215371145 6.2647786140441895 2380
1713215371248 6.237240314483643 2381
1713215371350 6.244879722595215 2382
1713215371448 6.231576442718506 2383
1713215371551 6.233205795288086 2384
1713215371649 6.219816207885742 2385
1713215371751 6.261192798614502 2386
1713215371853 6.241979598999023 2387
1713215371954 6.262810230255127 2388
1713215372057 6.233773708343506 2389
1713215372155 6.261654376983643 2390
1713215372259 6.2644453048706055 2391
1713215372363 6.231374263763428 2392
1713215372467 6.264108180999756 2393
1713215372570 6.264486312866211 2394
1713215372674 6.264477252960205 2395
1713215372778 6.264370441436768 2396
1713215372881 6.264787673950195 2397
1713215372985 6.264894962310791 2398
1713215373087 6.256258487701416 2399
1713215373189 6.236589431762695 2400
1713215373293 6.245282173156738 2401
1713215373398 6.2614569664001465 2402
1713215373502 6.227437973022461 2403
1713215373604 6.25562858581543 2404
1713215373706 6.234660625457764 2405
1713215373804 6.2635650634765625 2406
1713215373907 6.2332000732421875 2407
1713215374009 6.261700630187988 2408
1713215374112 6.264389991760254 2409
1713215374215 6.260964870452881 2410
1713215374314 6.25255823135376 2411
1713215374416 6.262411117553711 2412
1713215374518 6.260419845581055 2413
1713215374621 6.263204097747803 2414
1713215374723 6.2638702392578125 2415
1713215374826 6.263090133666992 2416
1713215374938 6.258760929107666 2417
1713215375041 6.264718055725098 2418
1713215375148 6.254234313964844 2419
1713215375253 6.232329845428467 2420
1713215375356 6.221965312957764 2421
1713215375458 6.251296520233154 2422
1713215375562 6.252382278442383 2423
1713215375659 6.151928424835205 2424
1713215375762 6.228862285614014 2425
1713215375865 6.238083362579346 2426
1713215375963 6.2353010177612305 2427
1713215376066 6.234218597412109 2428
1713215376165 6.261637210845947 2429
1713215376269 6.262773036956787 2430
1713215376370 6.260160446166992 2431
1713215376481 6.243566989898682 2432
1713215376586 6.239811420440674 2433
1713215376685 6.2635297775268555 2434
1713215376789 6.205199241638184 2435
1713215376892 6.263019561767578 2436
1713215376997 6.232856273651123 2437
1713215377101 6.234004974365234 2438
1713215377204 6.26408052444458 2439
1713215377310 6.263264179229736 2440
1713215377415 6.264506816864014 2441
1713215377520 6.227504730224609 2442
1713215377623 6.237964153289795 2443
1713215377725 6.24782657623291 2444
1713215377830 6.263090133666992 2445
1713215377934 6.246582984924316 2446
1713215378035 6.234935760498047 2447
1713215378137 6.264404296875 2448
1713215378241 6.2354230880737305 2449
1713215378339 6.26213264465332 2450
1713215378442 6.264054298400879 2451
1713215378546 6.233680725097656 2452
1713215378644 6.262187480926514 2453
1713215378748 6.244815349578857 2454
1713215378850 6.2647528648376465 2455
1713215378956 6.239812850952148 2456
1713215379059 6.243800163269043 2457
1713215379163 6.241457462310791 2458
1713215379266 6.2640275955200195 2459
1713215379370 6.263016700744629 2460
1713215379475 6.209109306335449 2461
1713215379578 6.261178493499756 2462
1713215379679 6.244118690490723 2463
1713215379790 6.264333724975586 2464
1713215379895 6.260462284088135 2465
1713215379998 6.260878086090088 2466
1713215380101 6.264077663421631 2467
1713215380203 6.26429557800293 2468
1713215380303 6.263564109802246 2469
1713215380403 6.263218879699707 2470
1713215380506 6.255242347717285 2471
1713215380606 6.258127212524414 2472
1713215380703 6.232812404632568 2473
1713215380807 6.264712333679199 2474
1713215380913 6.263745307922363 2475
1713215381016 6.259377479553223 2476
1713215381119 6.264082431793213 2477
1713215381222 6.258153438568115 2478
1713215381326 6.220720291137695 2479
1713215381430 6.233813285827637 2480
1713215381538 6.24575662612915 2481
1713215381637 6.260843753814697 2482
1713215381741 6.236039161682129 2483
1713215381845 6.2640380859375 2484
1713215381964 6.256643772125244 2485
1713215382070 6.263720512390137 2486
1713215382173 6.257701396942139 2487
1713215382273 6.197971343994141 2488
1713215382376 6.2353901863098145 2489
1713215382484 6.2337164878845215 2490
1713215382586 6.233221530914307 2491
1713215382684 6.2343268394470215 2492
1713215382787 6.26426362991333 2493
1713215382891 6.261919975280762 2494
1713215382993 6.207194805145264 2495
1713215383096 6.263773441314697 2496
1713215383198 6.233294486999512 2497
1713215383303 6.263222694396973 2498
1713215383408 6.263861179351807 2499
1713215383513 6.263358116149902 2500
1713215383616 6.224994659423828 2501
1713215383714 6.263931751251221 2502
1713215383816 6.263940811157227 2503
1713215383914 6.211238384246826 2504
1713215384017 6.262137413024902 2505
1713215384121 6.254758358001709 2506
1713215384229 6.262246608734131 2507
1713215384334 6.24271297454834 2508
1713215384437 6.244776725769043 2509
1713215384541 6.233705997467041 2510
1713215384640 6.262606620788574 2511
1713215384743 6.263861179351807 2512
1713215384847 6.264212131500244 2513
1713215384946 6.244699478149414 2514
1713215385049 6.255159378051758 2515
1713215385152 6.259976387023926 2516
1713215385255 6.261990547180176 2517
1713215385359 6.264512538909912 2518
1713215385462 6.263837814331055 2519
1713215385565 6.24200439453125 2520
1713215385662 6.263021945953369 2521
1713215385764 6.234945297241211 2522
1713215385868 6.262025833129883 2523
1713215385970 6.229678153991699 2524
1713215386073 6.263583183288574 2525
1713215386175 6.2344841957092285 2526
1713215386280 6.231422424316406 2527
1713215386384 6.243076324462891 2528
1713215386488 6.262491226196289 2529
1713215386591 6.237657070159912 2530
1713215386689 6.239029407501221 2531
1713215386792 6.263236999511719 2532
1713215386896 6.261948585510254 2533
1713215387000 6.263038635253906 2534
1713215387104 6.260921955108643 2535
1713215387207 6.261393070220947 2536
1713215387312 6.224061012268066 2537
1713215387415 6.249699592590332 2538
1713215387519 6.222345352172852 2539
1713215387622 6.243001937866211 2540
1713215387721 6.235905647277832 2541
1713215387823 6.261990070343018 2542
1713215387926 6.261926651000977 2543
1713215388030 6.249563217163086 2544
1713215388133 6.261538982391357 2545
1713215388241 6.224361419677734 2546
1713215388345 6.234708309173584 2547
1713215388448 6.263348579406738 2548
1713215388551 6.264131546020508 2549
1713215388648 6.262324810028076 2550
1713215388752 6.254948616027832 2551
1713215388855 6.243177890777588 2552
1713215388961 6.263594627380371 2553
1713215389063 6.233329772949219 2554
1713215389164 6.238417148590088 2555
1713215389269 6.237358570098877 2556
1713215389370 6.1823577880859375 2557
1713215389474 6.240557670593262 2558
1713215389576 6.260530948638916 2559
1713215389674 6.263885021209717 2560
1713215389776 6.2376885414123535 2561
1713215389879 6.263155937194824 2562
1713215389981 6.264638423919678 2563
1713215390085 6.264218807220459 2564
1713215390188 6.223668575286865 2565
1713215390293 6.2476983070373535 2566
1713215390396 6.207992076873779 2567
1713215390500 6.255260944366455 2568
1713215390603 6.235516548156738 2569
1713215390701 6.2620649337768555 2570
1713215390804 6.20965576171875 2571
1713215390905 6.264192581176758 2572
1713215391008 6.26338005065918 2573
1713215391106 6.262373447418213 2574
1713215391208 6.192737102508545 2575
1713215391310 6.21033239364624 2576
1713215391416 6.264225959777832 2577
1713215391518 6.260444641113281 2578
1713215391620 6.26437520980835 2579
1713215391722 6.257336616516113 2580
1713215391824 6.2643327713012695 2581
1713215391928 6.263587474822998 2582
1713215392032 6.264007568359375 2583
1713215392137 6.202089786529541 2584
1713215392239 6.262334823608398 2585
1713215392344 6.24022102355957 2586
1713215392447 6.209787368774414 2587
1713215392545 6.26393985748291 2588
1713215392644 6.242273807525635 2589
1713215392746 6.244779109954834 2590
1713215392850 6.227858066558838 2591
1713215392952 6.264093399047852 2592
1713215393054 6.233471870422363 2593
1713215393153 6.264561653137207 2594
1713215393297 6.23349666595459 2595
1713215393402 6.264183521270752 2596
1713215393513 6.229820251464844 2597
1713215393615 6.264358043670654 2598
1713215393723 6.262912750244141 2599
1713215393827 6.236488342285156 2600
1713215393934 6.264195919036865 2601
1713215394037 6.242029666900635 2602
1713215394136 6.213503360748291 2603
1713215394241 6.26301908493042 2604
1713215394344 6.263601303100586 2605
1713215394450 6.235093116760254 2606
1713215394552 6.237520694732666 2607
1713215394651 6.2637128829956055 2608
1713215394756 6.234652042388916 2609
1713215394858 6.2640275955200195 2610
1713215394957 6.242659568786621 2611
1713215395060 6.232926368713379 2612
1713215395159 6.2645263671875 2613
1713215395263 6.259501934051514 2614
1713215395366 6.263641357421875 2615
1713215395468 6.265103816986084 2616
1713215395570 6.232792377471924 2617
1713215395670 6.172021389007568 2618
1713215395771 6.262534141540527 2619
1713215395869 6.264687538146973 2620
1713215395971 6.236055850982666 2621
1713215396074 6.249801158905029 2622
1713215396181 6.265127182006836 2623
1713215396284 6.264132499694824 2624
1713215396389 6.17361307144165 2625
1713215396496 6.264464855194092 2626
1713215396598 6.263220310211182 2627
1713215396696 6.264711380004883 2628
1713215396799 6.2613019943237305 2629
1713215396903 6.256551742553711 2630
1713215397010 6.264801979064941 2631
1713215397108 6.176370143890381 2632
1713215397212 6.260915279388428 2633
1713215397312 6.263470649719238 2634
1713215397416 6.2622270584106445 2635
1713215397522 6.255306720733643 2636
1713215397640 6.260792255401611 2637
1713215397744 6.264525413513184 2638
1713215397847 6.23419189453125 2639
1713215397949 6.262691020965576 2640
1713215398052 6.26418924331665 2641
1713215398154 6.25517463684082 2642
1713215398261 6.261882305145264 2643
1713215398366 6.264873027801514 2644
